Budapest,4081882.374,1410011.138,4678199.390,650684.461,237444.184,137.210
65-40112,4081734.230,1409117.222,4678720.741,649887.920,238114.710,229.630
65-3200,4086075.935,1405819.394,4675800.204,645354.030,233909.660,125.840
65-40651,4079435.552,1416071.452,4678513.289,657211.040,237903.150,146.360
65-4015,4088294.728,1411654.854,4672104.119,650145.460,228462.640,110.000
65-1058,4077786.523,1403949.548,4684040.089,646292.090,245702.150,494.800
65-3056,4087678.329,1400230.610,4676112.445,639548.720,234348.580,153.490
65-2421,4073471.286,1419357.097,4682709.796,662262.870,244103.670,165.150
65-2187,4071493.623,1411768.473,4686622.441,655735.780,249951.000,111.270
65-4200,4080423.240,1424494.552,4675101.170,664849.910,232883.150,135.240
65-4409,4087500.497,1422357.437,4669569.816,660520.380,224728.950,110.580
65-2103,4069499.381,1406729.763,4689836.385,651624.070,254724.340,103.470
55-1205,4095136.091,1404003.073,4668511.574,640680.690,223109.460,161.380
65-1326,4082801.232,1393014.489,4682641.743,634320.030,243894.070,271.770
65-2474,4073359.057,1425419.704,4680988.591,668029.670,241560.430,173.690
55-2125,4094198.926,1415944.167,4665668.357,652272.780,218968.670,105.350
65-1209,4073795.639,1396943.852,4689148.206,640972.540,253619.860,185.460
65-3310,4092767.987,1395417.878,4673146.795,633339.100,229956.360,174.400
55-1605,4096856.004,1408650.173,4665538.953,644511.580,218784.550,100.970
65-2225,4067673.496,1423810.524,4686578.310,668363.880,249685.450,317.860
75-4359,4065391.322,1411808.881,4691943.078,657765.440,257788.030,165.750
55-2216,4092300.288,1424295.191,4664798.095,660785.460,217694.430,105.590
65-4442,4082707.596,1431100.373,4671096.267,670348.040,226996.380,121.930
65-3123,4091391.634,1388823.129,4676314.074,627555.080,234641.720,188.880
55-1122,4098703.352,1397468.396,4667318.137,633340.180,221389.480,138.270
75-4349,4066291.623,1401808.318,4694198.728,648019.200,261090.550,204.450
55-2314,4099527.084,1413330.069,4661798.329,648063.230,213270.260,99.080
75-3411,4069290.954,1395496.077,4693547.969,641074.240,260079.390,250.760
66-3001,4074092.270,1433542.657,4678060.846,675467.390,237117.160,299.960
75-4066,4062790.675,1417275.535,4692582.092,663781.180,258716.560,194.350
65-1124,4079693.792,1386427.724,4687194.168,629108.190,250719.640,214.720
55-2208,4087501.138,1431889.180,4666682.079,669529.200,220484.220,116.120
65-3327,4097108.752,1389770.851,4670996.584,626585.030,226837.480,142.640
66-1127,4065191.236,1428838.326,4687099.763,673926.360,250557.760,245.640
55-2001,4097766.655,1422431.465,4660604.830,657240.040,211500.990,113.090
75-30012,4070664.060,1391507.880,4694232.173,636857.590,260542.590,761.510
65-1014,4086479.485,1383590.792,4682189.574,624212.680,243292.620,241.970
65-2001,4062550.044,1425110.467,4690634.080,671264.640,255682.630,344.200
75-4161,4060093.367,1408834.031,4697306.081,656682.780,265819.150,107.330
55-1455,4104310.711,1408409.541,4659097.746,641851.430,209296.300,100.420
66-1325,4069407.865,1436844.760,4680948.798,680117.740,241537.720,185.880
66-3323,4078402.718,1439138.474,4672515.770,679349.810,229021.110,223.100
55-2436,4062519.925,1389987.781,4700817.667,664619.330,210673.630,99.400
55-1119,4101200.869,1388914.345,4667670.497,624440.120,221945.050,134.640
64-4243,4095499.759,1382261.493,4674690.175,620012.700,232260.540,201.480
75-4420,4057996.093,1421490.297,4695458.855,669329.700,262986.950,211.440
55-4103,4103636.320,1418539.246,4656628.567,651645.750,205661.000,96.120
Monor,4081853.500,1441067.229,4668832.740,680046.954,223664.226,150.964
75-4012,4058156.418,1404733.061,4700193.499,653438.650,270106.360,111.520
75-3335,4071877.675,1383308.289,4694761.059,628709.940,262028.930,145.690
55-1066,4106051.795,1393414.356,4662123.968,627110.430,213735.230,153.250
55-3202,4107553.914,1403345.103,4657772.523,636006.280,207359.480,97.420
76-3333,4057650.529,1429812.590,4693149.042,677308.830,259664.940,140.720
74-4428,4075978.721,1378842.839,4692614.770,623151.190,258795.210,207.970
64-2213,4081808.086,1376596.967,4688210.870,619126.220,252298.200,190.310
66-3409,4074692.191,1444006.544,4674217.296,685162.030,231584.720,207.070
75-4207,4054986.508,1413595.376,4700307.526,662849.930,270259.870,138.080
55-3220,4108308.338,1411539.562,4654650.904,643505.270,202753.410,97.460
56-1305,4091922.880,1439181.827,4660596.877,674978.940,211537.380,113.350
55-4124,4103079.078,1426637.816,4654657.209,659482.120,202768.990,95.330
75-3248,4095915.449,1429599.761,4660023.800,638077.100,271034.960,121.820
75-1421,4061299.535,1391342.121,4701473.558,639755.510,272002.610,126.610
66-3435,4079252.334,1445727.960,4669721.515,685300.790,224955.790,196.580
64-4444,4101576.490,1379746.777,4670145.918,615653.040,225561.170,210.350
64-2001,4091364.036,1374001.890,4680840.952,613555.960,241284.590,303.640
55-4012,4097279.377,1436571.779,4656721.741,670763.920,205814.970,114.110
Penc,4052449.807,1417680.893,4701406.907,667539.235,271786.738,248.246
76-3023,4057657.810,1437586.946,4690812.518,684654.540,256210.550,162.680
56-1143,4085364.136,1446277.201,4664169.091,683825.530,216813.720,142.850
75-3100,4067889.837,1379599.826,4699227.046,626505.750,268717.480,109.000
75-2001,4052470.146,1407415.699,4704996.767,657829.490,276665.460,651.780
64-2324,4091264.917,1371295.374,4681632.406,611029.760,242539.390,242.450
66-1233,4060998.748,1443393.908,4686170.561,689052.620,249349.150,165.380
66-3204,4066995.817,1447370.807,4679758.873,690854.150,239881.770,148.580
55-3416,4111637.368,1416774.205,4650150.756,647366.430,196134.050,98.610
54-2050,4110020.319,1384712.018,4661277.135,617590.470,212491.460,190.650
64-4336,4099196.835,1372441.142,4674332.136,609524.270,231804.770,191.470
75-1311,4063072.270,1381768.520,4702741.101,630127.700,273927.050,115.210
55-3015,4113508.311,1410611.259,4650368.244,640930.920,196459.990,98.580
74-4203,4072580.367,1373208.107,4697053.565,618933.560,265518.090,111.080
55-3137,4113992.653,1393958.114,4654987.632,625032.990,203249.950,141.630
54-2105,4106820.177,1377136.308,4666265.124,611474.260,219913.350,160.890
75-1207,4052871.649,1396629.865,4707270.568,647504.120,280519.590,225.750
56-3118,4095386.502,1444507.936,4655945.657,678882.590,204700.170,120.600
55-3340,4115062.480,1402103.599,4651569.499,632382.630,198235.430,106.910
76-3109,4049246.485,1426915.426,4701395.860,677313.110,271789.370,265.020
75-1405,4056450.584,1388800.575,4706544.002,638935.740,279418.190,251.440
54-2429,4111998.940,1383900.819,4659740.335,616177.940,210269.530,159.440
75-2421,4047970.909,1416414.760,4705650.339,667804.280,278079.270,273.060
56-3055A,4101788.362,1439511.709,4651860.413,672071.220,198681.380,103.800
74-4435,4077563.144,1368837.505,4694186.624,613177.200,261159.920,229.880
66-3016,4075055.721,1453580.496,4670864.144,694092.740,226762.310,141.270
64-2106,4084331.330,1366595.249,4688972.108,608849.340,253460.130,217.930
64-2307,4091062.046,1366375.223,4683229.230,606445.350,244943.050,236.540
76-30221,4055011.340,1443586.064,4691222.249,691188.830,256887.950,138.150
75-2057,4049502.463,1402600.558,4708473.535,654247.200,282243.180,289.800
55-4063,4107458.890,1432966.433,4648899.799,664034.350,194304.810,105.800
76-3115,4049347.711,1433317.990,4699245.476,683332.160,268725.820,169.870
55-4336,4112121.060,1423904.126,4647561.117,653947.550,192332.020,98.020
56-10011,4082930.453,1454012.811,4664012.226,691930.680,216542.440,227.760
75-1106,4057917.931,1380380.623,4707559.963,630497.660,281108.760,112.150
64-4312,4105525.303,1368951.821,4669781.290,604160.950,225159.880,155.990
74-4001,4080491.090,1364191.559,4693548.414,607833.050,259804.760,633.280
76-1329,4045066.214,1427757.618,4704639.972,679473.930,276691.750,209.290
56-3214,4089562.129,1453982.123,4658120.790,689737.970,207948.490,135.210
74-4309,4082622.857,1362767.572,4691666.376,605789.360,257391.400,299.630
45-1011A,4118540.182,1412380.026,4645486.648,640960.620,189230.550,155.760
76-3401,4049854.058,1443486.558,4695670.482,692778.360,263510.920,134.220
45-1230,4117837.765,1416866.505,4644671.578,645430.250,188089.540,99.860
75-2111,4044172.222,1405797.818,4711924.179,659009.170,287520.550,177.470
54-4240,4118365.018,1384325.263,4653963.081,614501.380,201828.130,112.490
66-4314,4072090.725,1459494.841,4671568.055,700650.720,227880.660,117.390
54-2108,4109890.209,1369351.906,4665835.795,603114.680,219356.550,146.070
56-2363,4083467.181,1458951.593,4661940.684,696423.770,213580.480,174.680
76-3011,4045889.444,1440051.544,4700173.429,690825.530,270142.240,180.500
45-1105,4121591.036,1399300.761,4646680.158,627602.920,191057.270,118.730
54-4016B,4120730.702,1389765.244,4650295.994,618871.140,196393.680,130.810
66-4001,4063935.202,1458853.145,4678816.809,702706.240,238615.000,118.180
56-3421,4098806.169,1451361.301,4650858.221,684244.080,197231.330,136.360
85-3001,4048625.729,1389966.641,4713815.446,642592.240,289497.980,938.260
45-1001,4122228.045,1406462.095,4644063.865,634163.830,187123.530,187.170
66-2119,4055161.350,1455417.773,4687433.193,702323.200,251376.480,118.160
64-3241,4100461.520,1359710.041,4676977.209,597078.440,235772.900,229.470
76-1021,4042736.981,1436333.499,4704073.908,688340.020,275868.630,237.860
76-4349,4050871.869,1452044.414,4692185.035,700534.840,258387.520,140.910
66-4134,4067077.781,1462022.916,4675104.841,704676.590,233154.690,106.880
76-1105,4040079.649,1419954.385,4711395.354,673725.520,286607.700,326.430
85-3020,4052394.717,1379929.775,4712563.810,631874.160,288446.270,222.850
46-10011,4106410.734,1446148.090,4645796.038,676835.140,189766.790,129.370
66-2315,4059081.999,1459641.268,4682750.727,705035.430,244464.800,114.580
64-1400,4096998.906,1357096.662,4680668.204,595737.570,241307.890,173.780
64-3402,4107602.032,1361624.389,4670359.075,596559.020,225866.040,349.930
56-3232,4093607.073,1458110.049,4653310.824,692319.540,200887.140,137.680
54-2343,4117358.773,1370888.316,4658832.367,602129.670,209051.320,139.130
56-2055,4077631.960,1464950.260,4665047.526,703998.620,218301.560,103.660
64-1422,4096150.978,1355171.823,4681950.134,594194.800,243227.800,167.160
74-4315,4080074.794,1356018.756,4695774.654,600241.250,263566.030,274.600
85-4019,4041194.935,1398767.994,4716647.067,653335.920,294477.280,258.920
64-1012,4090919.574,1354262.459,4686784.306,595042.300,250357.840,190.850
45-2324,4122415.582,1422294.144,4638982.429,649066.360,179750.070,96.720
45-2321,4119082.119,1431056.674,4639245.045,658436.230,180142.090,95.480
Tata,4086419.644,1353716.700,4690780.461,595994.199,256324.738,147.993
Szekesfehervar,4119980.683,1372039.033,4656178.896,602361.590,205154.821,128.987
76-4128,4045561.115,1451652.396,4696913.790,701897.690,265377.140,184.760
44-2231,4126600.827,1394573.473,4643674.554,621499.950,186672.990,118.820
86-3305,4036178.269,1416989.373,4715441.029,672196.870,292774.400,207.100
45-2419,4115212.089,1440652.234,4639711.852,668768.590,180845.480,99.460
45-1402,4126882.859,1411007.791,4638525.349,636941.100,179044.100,143.890
85-3057,4045864.514,1382386.517,4717454.009,636327.370,295709.960,248.500
76-4017,4048971.749,1458903.520,4691681.616,707638.530,257720.880,127.000
54-4061,4125881.264,1380467.728,4648499.728,608402.510,193827.610,123.010
64-3261,4101440.741,1352303.591,4678211.665,589757.940,237706.020,195.960
45-1309,4128608.030,1399859.493,4640351.901,625841.130,181758.000,141.260
54-1206,4114154.508,1359763.151,4664921.684,592660.180,218074.060,170.440
56-2020,4083910.941,1468118.157,4658591.151,704943.640,208802.210,98.550
54-4173,4123451.585,1371466.788,4653282.426,600687.950,200916.990,120.850
86-33401,4033786.085,1425909.418,4714813.466,681409.240,291870.800,214.750
46-1229,4103420.491,1458410.934,4644623.815,689401.430,188107.830,137.680
44-2137,4128781.247,1384691.346,4644670.732,611448.040,188203.800,106.940
66-4263,4063171.338,1470427.272,4675858.430,713895.490,234363.380,105.430
64-1001,4093843.220,1348041.232,4686066.268,588208.080,249331.810,217.620
85-4135,4038221.973,1392162.659,4720968.396,648062.460,301059.400,149.590
74-3436,4086399.284,1348010.222,4692425.954,590606.710,258823.310,144.950
54-3201,4120678.425,1363473.118,4658058.479,594037.450,207998.850,124.310
66-4421,4068138.250,1472048.947,4671056.029,713806.990,227267.760,103.010
46-1318,4111241.175,1451997.032,4639719.938,680787.140,180888.360,117.230
86-3062,4033399.546,1433726.317,4712884.232,688923.730,288955.040,287.230
56-4001,4093656.768,1467339.954,4650387.259,701027.140,196656.390,139.690
85-4221,4033205.146,1406309.926,4721062.647,663072.870,301215.080,149.350
Jaszbereny,4058219.364,1470670.802,4680054.547,715742.171,240590.136,107.238
56-4178,4088405.122,1470308.488,4653992.653,705547.140,202036.930,102.510
64-3348,4111247.745,1352138.523,4669701.425,586402.160,225162.720,196.300
45-4231,4122500.638,1436882.259,4634439.355,662826.840,173111.460,96.610
44-2439,4132241.543,1393033.692,4639168.188,618203.750,180068.330,132.840
45-3200,4130417.380,1415751.366,4633932.514,640271.010,172336.670,122.040
86-3001,4016315.445,1424550.113,4729965.086,687675.500,292826.230,517.520
56-2001,4075653.329,1474820.843,4663673.847,713974.060,216376.940,102.540
66-2055,4053099.026,1470066.132,4684632.372,716842.320,247396.280,95.380
76-2114,4033092.374,1444394.308,4709740.275,699108.260,284478.570,162.340
66-2437,4056541.807,1472926.850,4680773.879,718422.480,241702.070,92.190
46-3127,4116710.873,1449751.709,4635581.615,676880.110,174821.170,105.110
54-1318,4119041.754,1355527.663,4661967.387,587062.750,213691.740,248.310
45-3116,4133892.810,1402142.686,4635020.677,626274.500,173924.470,163.190
76-4406,4043312.009,1463636.964,4695045.523,713960.550,262798.320,113.150
45-4057,4128711.784,1428472.485,4631536.871,652851.210,168845.760,102.490
76-2435,4037187.281,1457175.902,4702359.401,709852.570,273562.280,177.880
44-2125,4132170.078,1376135.038,4644230.938,602255.010,187603.650,127.150
85-4265,4028729.887,1412937.285,4722883.677,670798.280,303969.740,143.130
54-30021,4129249.920,1367896.687,4649357.192,595422.120,195084.160,223.310
66-2202,4046905.152,1469339.374,4690182.719,718177.490,255636.870,101.460
44-2319,4134283.260,1383426.198,4640171.587,608456.560,181634.420,99.580
54-1120,4116372.048,1350270.722,4665797.897,582964.840,219404.140,229.540
64-1074,4101984.263,1342672.651,4680523.086,580477.310,241205.340,218.010
64-1011,4094212.776,1341324.392,4687584.634,581737.750,251715.810,162.170
54-30522,4123879.414,1357123.008,4657116.073,586991.010,206659.140,145.830
46-1442,4111994.461,1459088.765,4636858.248,687244.310,176723.650,126.210
54-3260,4127549.950,1361251.885,4652647.034,589695.420,200088.910,116.550
67-3309,4065834.278,1479470.858,4670702.124,721574.420,226847.920,90.400
74-3306,4085765.959,1339856.960,4695267.756,583105.970,263145.860,126.880
45-3001,4133790.515,1421572.850,4629174.357,644672.420,165370.770,123.690
86-3206,4026232.765,1429769.657,4720125.439,687523.760,299794.410,261.790
86-3105,4025903.954,1422059.370,4722619.223,680343.440,303564.840,189.010
64-3134,4108421.908,1342608.159,4674967.441,578316.280,232981.710,245.740
46-2168,4099668.565,1471748.854,4643710.514,703232.800,186895.430,119.450
56-4416,4091504.811,1476438.818,4649360.596,710329.990,195272.490,105.260
45-4411,4127296.229,1440357.383,4629123.134,664546.510,165341.630,95.210
56-2018,4078439.132,1480970.422,4659308.289,718877.520,210006.560,96.150
86-4322,4027628.783,1445124.721,4714170.535,701582.630,291103.510,170.320
67-3114,4060367.019,1482065.989,4674606.498,725812.100,232670.700,89.790
54-1334,4123400.204,1349470.986,4660073.843,579917.230,210832.880,386.650
67-1331,4050597.001,1478610.833,4684110.317,725735.700,246730.590,95.250
45-4320,4132439.034,1433213.365,4626766.381,656115.810,161884.510,94.170
46-3306,4120630.345,1454893.027,4630521.978,680460.590,167434.400,106.740
45-3313,4139453.431,1408628.358,4628126.489,630589.700,163831.270,158.690
44-4133,4140161.175,1387441.563,4633788.026,610333.470,172259.740,112.410
46-2340,4107431.264,1469838.023,4637499.504,698893.510,177749.920,123.590
44-1212,4135768.364,1367647.267,4643543.770,593058.220,186673.680,129.830
77-3056,4036783.042,1468627.377,4699206.694,720808.290,268957.770,209.590
44-2328,4138943.291,1377781.097,4637753.174,601600.260,178111.430,129.010
46-3327,4125849.002,1448421.052,4627909.832,672640.410,163590.120,98.660
73-4065,4092489.776,1333797.015,4691200.021,575184.220,257169.600,154.050
44-4001,4141649.135,1393555.997,4630648.721,615627.040,167630.880,116.160
63-2018,4103551.392,1334791.972,4681330.735,572516.080,242554.420,168.850
86-4164,4022994.539,1441311.447,4719368.123,699490.820,298761.880,252.200
67-1308,4053820.758,1483447.823,4679814.354,729255.350,240417.890,91.830
44-1101,4135337.092,1362107.244,4645611.492,587963.070,189704.150,180.280
57-1336,4073995.052,1486660.806,4661359.796,725706.720,213119.700,88.990
54-3138,4128033.784,1349981.180,4655582.629,578885.260,204446.390,190.350
44-1062C,4139057.356,1370980.887,4639679.963,595135.790,180969.670,148.310
46-30011,4115696.852,1465128.097,4631697.714,691744.520,169203.850,123.850
67-1001,4044109.027,1479464.693,4689416.880,728661.070,254631.090,101.850
63-4244,4109601.687,1335143.058,4676043.482,570874.750,234681.990,232.880
46-2320,4102573.329,1476833.202,4639554.131,707090.590,180839.730,117.290
53-2221,4119807.790,1340217.377,4665749.943,572341.830,219395.890,291.870
Kecskemet,4109902.634,1471666.350,4634759.691,699815.125,173736.885,132.239
44-4402,4143741.502,1402167.195,4626199.531,623083.160,161095.040,112.070
63-2015,4100375.475,1330467.160,4685292.428,569463.800,248484.220,151.490
73-4013,4087190.852,1330284.326,4696736.774,573591.940,265447.890,125.070
54-3321,4133091.353,1351979.621,4650485.518,579123.100,196997.610,145.550
57-3061,4084613.507,1487836.329,4651747.432,723352.270,198943.940,89.160
35-2012A,4131433.508,1446468.732,4623563.627,668972.760,157231.740,97.120
77-3336,4038700.357,1478228.219,4694434.021,729258.340,262087.070,103.570
35-1054,4142702.253,1416499.708,4622855.562,636969.170,156112.320,162.940
57-3103,4079400.820,1489430.021,4655780.878,726559.910,204917.570,87.900
35-2140,4136457.424,1436582.680,4622159.026,657989.090,155160.500,93.880
46-2237,4097848.627,1482632.591,4641847.853,714114.210,184285.930,105.770
57-1053,4065641.020,1490505.173,4667378.227,732067.320,222081.490,86.710
35-2116,4139604.361,1428697.345,4621792.039,649508.980,154616.940,96.490
46-2256,4093361.824,1485202.231,4644951.325,718007.300,188890.590,97.220
77-1316,4031310.210,1471055.340,4703131.908,724890.210,274839.050,220.190
67-1442,4048179.963,1486049.422,4683850.268,733555.980,246448.880,97.330
44-1069,4140215.968,1363069.651,4640926.351,587279.780,182907.030,117.420
44-4149,4145086.277,1380516.699,4631493.088,602180.920,168943.130,130.390
86-14011,4017397.873,1435180.951,4725904.725,695523.790,308554.770,214.780
67-3059,4058516.076,1491028.841,4673370.010,734888.190,230968.000,88.540
35-2100,4140392.504,1430057.802,4620672.208,650537.670,152983.700,96.120
86-1238,4031239.366,1431661.101,4715653.122,685828.450,314611.710,179.960
44-3219,4144566.423,1373663.654,4634002.605,595873.390,172649.670,147.840
57-1325,4074328.952,1492463.863,4659222.306,731082.960,210046.470,85.250
86-4021,4022793.763,1459478.230,4714225.330,716726.300,291053.430,427.550
63-2001,4106203.282,1327855.915,4681060.677,565095.050,242192.240,228.160
36-1117,4127722.549,1457969.980,4623280.570,681054.690,156859.110,106.690
46-2001,4103127.750,1482745.541,4637181.848,712498.240,177427.770,108.920
46-4514,4112901.690,1475283.706,4630949.635,702255.840,168202.210,115.050
63-4408,4114608.340,1330200.486,4673103.950,564569.510,230396.130,258.960
35-1129,4146908.754,1409936.732,4621091.344,629393.130,153567.850,155.150
86-2069,4015682.186,1440223.261,4725924.900,700849.710,308549.800,285.890
77-1107,4023439.103,1465159.806,4711776.974,721886.970,287583.030,316.140
44-4301,4148283.096,1386138.948,4626993.685,606451.500,162323.010,140.470
35-2408,4136549.091,1444605.327,4619594.262,665542.160,151433.280,94.820
34-2210,4148686.461,1393987.241,4624273.658,613737.830,158315.950,127.410
86-4206,4017751.811,1452843.004,4720322.889,712102.700,300285.070,275.150
44-1012B,4138980.128,1351771.843,4645385.101,577005.170,189498.540,178.240
73-4064,4095452.799,1324004.873,4691387.394,564960.950,257586.560,154.570
53-2402,4126828.774,1335941.337,4660948.070,566010.430,212288.470,398.750
34-2228,4149305.653,1401136.664,4621585.960,620293.190,154348.590,135.580
36-1234,4121731.821,1468781.934,4625202.310,693228.960,159730.540,116.040
47-1113,4089636.349,1492418.896,4645899.750,726044.620,190390.440,87.510
77-3248B,4031664.894,1480256.701,4699876.837,733472.450,270178.410,158.110
67-3243,4050760.301,1493458.977,4679279.839,739717.310,239779.930,88.970
53-4207,4133924.454,1341571.787,4652814.822,569014.280,200494.290,197.700
57-3311,4083288.896,1495413.915,4650487.673,730947.120,197192.160,88.390
67-1246,4040621.187,1488977.218,4689415.977,738791.320,254771.460,104.350
35-2327,4143645.012,1433199.104,4616803.493,652445.370,147347.220,93.010
35-1414,4147146.046,1422116.764,4617085.416,640827.830,147764.400,93.150
86-10521,4011938.010,1431089.504,4731699.026,693439.330,317260.390,183.790
44-1300,4145550.746,1360232.669,4637045.163,582857.230,177249.900,134.920
53-2132,4122640.392,1329664.248,4666507.114,561444.790,220472.150,470.570
63-2014B,4102389.154,1321744.704,4685977.463,560561.320,249641.650,139.590
44-1324,4145412.215,1359181.494,4637451.142,581908.720,177873.400,117.950
46-2444,4101153.276,1489204.927,4636846.650,719248.310,177022.560,98.730
57-1403,4067997.699,1499144.597,4662588.154,739464.360,215124.060,87.100
44-3419,4150059.584,1372365.797,4629494.387,592853.670,166087.970,144.400
Szolnok,4076699.232,1498871.023,4655140.123,736365.412,204095.059,101.429
44-3159,4148850.829,1366412.986,4632316.778,587621.700,170269.140,142.860
35-1309,4150323.607,1414476.718,4616647.402,632569.670,147092.970,141.720
46-4067,4109794.031,1484892.290,4630624.206,712352.290,167835.310,103.890
36-1238,4128426.750,1465892.318,4620173.969,688313.140,152362.950,112.170
67-1211,4042320.036,1494596.420,4686171.533,743548.260,250043.290,94.490
34-1226,4152989.255,1380512.535,4624457.440,599597.370,158683.270,130.910
47-1305,4094420.061,1495229.052,4640819.192,727139.810,182948.420,91.080
57-3200,4078446.398,1500543.288,4653061.338,737376.110,201070.680,84.560
77-3418,4034228.782,1489419.794,4694753.644,741297.030,262725.320,114.330
63-4131,4114437.126,1321739.428,4675522.910,556626.160,234184.410,174.530
57-1236,4062616.291,1501467.128,4666504.447,743416.380,220960.590,86.890
73-4112,4090915.637,1318087.177,4696918.869,560846.250,265908.870,115.890
36-1333,4138363.178,1452374.472,4615573.680,672293.610,145583.070,105.620
43-2212,4142291.494,1345924.967,4644233.002,570398.750,187819.550,246.510
57-3290,4076551.501,1501448.135,4654427.585,738849.790,203096.290,89.710
46-4342,4116533.397,1481360.038,4625801.746,706814.440,160730.930,105.600
35-4208,4142786.496,1444853.644,4613962.811,663741.440,143221.690,95.520
87-3334,4019434.168,1473071.983,4712607.636,730674.830,289031.410,231.690
63-2341,4109770.905,1318794.388,4680447.836,555364.950,241471.450,193.210
63-2100,4100436.822,1316869.045,4689022.005,556588.950,254231.680,128.400
63-4325,4119905.177,1322512.045,4670659.406,555573.960,226902.870,276.560
Paks,4152144.803,1418887.142,4613639.550,636143.849,142729.875,115.662
34-2304,4155236.894,1391184.296,4619349.604,608950.780,151099.240,187.090
77-1219,4023511.241,1480929.179,4706635.779,736770.630,280264.720,182.890
35-3209,4151486.383,1422936.653,4612957.071,640186.200,141752.850,92.330
34-2416,4155085.084,1402475.337,4615993.366,619672.030,146219.850,114.970
86-2451,4010396.514,1452777.993,4726831.201,714441.370,309821.940,483.310
53-2311,4131406.892,1329046.966,4658916.637,558000.190,209384.270,427.840
36-2130,4120967.139,1479114.646,4622601.591,703245.300,156019.530,111.770
67-4322,4054643.045,1503138.218,4672853.464,747598.910,230403.260,86.630
87-3110,4014110.921,1467386.888,4718885.635,727039.580,298351.130,241.730
47-1001,4087930.141,1501656.258,4644432.515,735333.040,188364.890,86.200
57-2332,4067299.248,1505480.997,4661165.285,745681.800,213124.430,87.170
35-4011,4149972.248,1433783.639,4610975.092,650932.960,138858.890,93.390
57-3438,4080635.142,1504528.736,4649887.394,740428.940,196442.180,93.070
77-3051,4027481.131,1489290.013,4700584.218,743377.600,271397.580,142.800
35-3131,4154440.742,1418622.614,4611640.372,635144.450,139842.340,96.350
34-1001,4155662.423,1370693.020,4625106.400,589444.480,159622.250,227.650
46-4442,4110573.736,1490680.326,4628085.237,717568.980,164183.580,101.330
Siofok,4150486.741,1352739.557,4634818.975,574163.394,174108.367,122.282
35-3001,4156931.480,1408973.542,4612509.804,625211.720,141017.380,212.960
44-3314,4153462.595,1359379.673,4630245.888,579468.300,167347.760,127.510
36-1001,4131886.830,1470063.551,4615801.563,691126.830,145993.800,125.630
63-1403,4107103.993,1312982.347,4684321.761,550739.820,247344.900,139.640
53-2001,4127776.873,1321670.033,4664578.916,552216.220,217513.820,710.630
44-3100,4153006.588,1356422.871,4631514.847,576822.410,169234.130,128.520
43-4258,4151740.130,1353079.904,4633598.360,574075.920,172328.350,117.370
87-1314,4008871.250,1460520.619,4725461.303,722260.450,308098.090,271.360
34-2309,4158570.934,1383727.032,4618521.675,600813.660,150009.650,134.270
67-4011,4047410.669,1505056.874,4678466.062,751773.840,238772.780,87.780
36-3112,4137068.640,1464156.486,4613038.922,683852.570,141937.340,113.550
53-4348,4139245.057,1330622.369,4651355.955,556929.300,198435.160,283.070
35-4261,4143876.813,1453915.008,4610181.330,671950.580,137726.410,110.100
57-2055,4060579.683,1509081.206,4665826.403,751278.430,220089.010,87.590
53-1402,4131480.513,1322097.622,4660754.447,551406.820,212245.560,383.100
73-4014,4094404.094,1309936.679,4696168.857,552003.130,264931.480,119.170
63-3212,4114480.139,1311576.079,4678308.692,547004.410,238480.780,160.940
57-4051,4071089.894,1510802.525,4656166.172,749474.730,205825.030,87.850
67-2330,4040760.563,1505215.941,4684122.802,754095.640,247189.910,88.660
36-2221,4117951.093,1489605.331,4621898.115,714145.870,155120.990,92.220
47-3107,4104154.660,1499873.212,4630771.195,728353.380,168258.740,85.650
35-4060,4150828.027,1442740.232,4607431.408,659119.620,133712.700,91.890
36-2200,4118191.808,1489559.154,4621699.298,714023.690,154830.020,91.820
63-1254,4105633.490,1308945.046,4686702.757,547402.670,250949.230,124.110
67-4015,4052855.812,1509995.967,4672202.489,754664.650,229558.290,90.510
35-3304,4159542.941,1414146.272,4608458.919,629248.170,135214.070,112.540
36-2016,4125624.187,1482882.053,4617266.698,705286.980,148262.860,106.890
34-4109,4161974.690,1390406.541,4613619.142,606016.610,142719.610,234.820
57-2001,4062139.547,1511938.002,4663566.914,753469.470,216788.120,93.780
43-2118,4145253.346,1333187.639,4645360.999,557393.640,189581.750,322.180
63-3418,4122673.501,1313349.377,4670659.374,546007.680,227177.090,172.290
34-4219,4161951.132,1400606.604,4610397.776,615664.460,138103.420,106.480
36-4102,4131640.248,1477155.092,4613745.780,697910.710,143069.610,106.980
47-1408,4094951.054,1506306.547,4636792.990,737437.690,177192.160,90.650
87-3404,4015063.047,1484219.733,4712818.306,742640.020,289536.850,219.880
77-4018,4032538.478,1502598.144,4692007.945,754306.000,258876.340,102.580
73-3812,4099483.016,1306579.366,4692692.992,547172.480,259851.270,117.290
Fuzesabony,4026598.031,1498732.156,4698327.228,752591.468,268215.544,122.994
57-4060,4077839.315,1512611.720,4649718.910,748981.940,196330.950,93.190
34-1141,4160799.645,1365598.096,4622031.495,582951.970,155190.410,239.830
77-2056,4018381.473,1490282.848,4708167.135,747286.380,282622.120,265.460
43-4438,4156993.416,1352041.334,4629294.264,571379.990,166009.890,172.280
47-2108,4083787.169,1511840.608,4644772.690,746312.040,189030.490,87.620
77-4143,4025360.031,1498643.118,4699398.042,752911.730,269823.150,114.860
53-3201,4140351.295,1323710.222,4652455.480,550035.990,200069.970,369.920
43-2304,4151155.802,1338129.595,4638462.337,560135.660,179617.830,141.830
34-1417,4163133.264,1375583.620,4616873.004,591627.400,147675.380,147.390
35-4002,4156616.718,1435190.202,4604606.638,650094.030,129586.600,104.500
35-3455,4158704.131,1428532.656,4604772.702,643119.880,129845.940,91.280
36-3318,4145201.219,1461420.136,4606664.219,678612.400,132621.020,127.560
67-2432,4042482.513,1511622.052,4680596.210,759588.820,242065.660,88.450
77-2300,4021309.747,1497281.101,4703291.938,752947.070,275604.080,129.490
Gyor,4100117.257,1303340.846,4693040.835,543903.953,260423.151,119.934
36-2449,4126981.334,1487506.417,4614572.269,709215.510,144383.400,98.620
47-2320,4089620.930,1512807.368,4639355.375,745322.160,181072.760,85.380
36-3412,4141223.872,1470353.283,4607388.172,688354.160,133732.160,123.600
77-2309,4019696.511,1497238.900,4704777.585,753432.940,277741.660,205.570
87-3219,4007524.419,1480184.516,4720597.341,741286.760,301016.440,332.150
37-1001,4110742.574,1502569.206,4624105.593,728752.220,158515.680,94.120
25-1203,4162311.085,1424158.843,4602884.887,637808.540,127108.810,94.070
34-4435,4165583.434,1407013.963,4605213.442,620535.050,130527.390,117.300
67-2002,4037265.227,1511516.120,4685103.122,761192.330,248771.390,90.090
53-1422,4135809.457,1314464.630,4658998.094,542777.930,209877.890,319.300
34-3053,4166755.177,1379515.630,4612588.126,594162.310,141311.560,240.420
57-2067,4066291.088,1518692.288,4657793.741,758498.980,208369.480,96.810
57-2014,4058562.149,1518394.281,4664574.825,760740.320,218407.740,92.220
47-3231,4095152.366,1512359.574,4634651.718,743093.910,174148.280,85.570
43-4102,4158230.141,1342956.476,4630734.958,562388.360,168305.930,111.920
87-1408,4003436.352,1474573.084,4725776.393,737318.210,308715.570,326.140
63-1319,4113954.811,1302504.884,4681231.687,538599.620,243003.090,122.490
47-3423,4106018.792,1506870.317,4626867.378,734359.400,162638.110,82.550
87-1104,4000072.768,1465552.942,4731368.233,729890.970,317009.600,310.260
25-2113,4158124.392,1440593.665,4601559.340,654709.530,125176.190,91.350
67-4016,4052514.515,1518151.777,4669875.501,762485.460,226261.010,94.120
53-1170,4127705.630,1307878.202,4667765.316,539193.700,223031.110,169.690
37-1311,4119772.587,1497015.100,4617900.787,720555.920,149367.400,88.480
47-3060,4101173.899,1510153.116,4630086.006,739043.260,167398.730,93.330
34-1335,4166764.753,1368333.335,4615799.870,583589.180,146164.020,177.130
43-4016,4160975.843,1346332.483,4627582.893,564685.730,163453.200,310.890
73-3013,4096537.046,1299083.816,4697307.572,541046.960,266824.620,113.170
47-2130,4082375.819,1518232.993,4643929.327,752815.290,187905.460,84.360
57-4055,4070881.653,1520332.641,4653266.103,758551.350,201717.080,88.830
43-1237,4150880.162,1327119.114,4642001.131,549819.830,184849.820,253.420
25-1115,4165954.878,1416879.478,4601848.811,629738.500,125620.700,99.020
67-4055,4045118.456,1517819.386,4676345.074,764586.160,235865.210,92.170
73-3316,4101238.124,1298740.595,4693325.142,539189.060,260940.450,112.860
63-1013B,4107847.002,1299362.549,4687417.032,537621.380,252193.830,118.410
77-4227,4024648.708,1506757.354,4697409.092,760814.400,267022.000,102.840
53-3426,4145559.257,1319920.804,4649009.526,544755.460,195024.890,437.630
25-2220,4153041.902,1455858.872,4601389.162,670797.250,124930.380,122.590
67-2216,4032911.135,1513150.031,4688302.229,764158.840,253573.310,89.560
34-4306,4169233.489,1399152.061,4604367.368,611912.720,129304.120,157.630
63-3132,4121705.204,1302058.926,4674607.012,535649.850,233233.990,143.450
34-3015,4169895.957,1382838.709,4608675.267,596277.190,135678.230,165.160
33-2067,4165251.447,1353569.179,4621516.401,570128.570,154632.980,205.510
25-1243,4163899.886,1431385.882,4599224.036,644121.110,121788.580,90.260
34-4001,4170422.937,1388468.598,4606636.736,601427.160,132580.480,250.080
34-3114,4169514.427,1371344.670,4612432.972,585537.690,141248.290,168.700
25-1233,4165991.844,1426339.921,4598906.554,638668.840,121330.330,95.360
77-4446,4029218.899,1513511.460,4691342.502,765706.250,258113.020,92.370
36-4329,4138661.457,1482365.480,4605831.911,700545.090,131575.130,109.420
26-1131,4148701.334,1467926.086,4601474.396,683620.080,125108.990,125.690
53-3102,4143286.157,1313631.945,4652628.124,539550.750,200564.820,319.000
36-4011,4125110.267,1497511.112,4613008.065,719283.360,142222.370,90.320
87-4337,4007788.338,1492702.768,4716406.466,753033.930,294988.030,294.300
47-2016,4087279.393,1520582.052,4638887.781,753435.630,180517.230,90.890
34-4320,4171657.240,1388468.120,4605499.913,601023.620,130951.880,230.660
37-1339,4116204.371,1505236.582,4618398.231,729491.900,150211.160,82.400
73-1013,4093607.845,1295225.057,4700901.180,538354.170,272221.900,113.190
77-2002,4016421.303,1504059.419,4705346.953,760950.620,278767.100,170.100
26-1001,4153439.128,1461062.019,4599422.383,675585.810,122072.630,142.850
33-2448,4168986.508,1359721.777,4616356.704,574724.400,147063.700,192.870
43-4114,4158893.361,1332466.187,4633175.948,552256.310,172016.240,128.580
57-4426,4074063.918,1524796.846,4649041.432,761732.840,195571.030,84.890
63-3341,4127134.279,1300354.847,4670318.604,532267.510,226963.400,143.600
53-1330,4134683.954,1304534.503,4662563.190,533755.700,215458.050,174.070
57-2404,4061495.338,1525964.695,4659573.544,766939.180,211162.950,85.800
24-2209,4171265.335,1411461.534,4598725.941,622884.020,121112.990,100.890
77-4203,4020303.830,1510236.777,4700000.220,765522.640,270962.640,107.370
73-3132,4099828.305,1293059.212,4696106.612,534277.620,265168.480,113.280
33-2001,4165847.999,1343592.384,4624020.939,560505.140,158310.510,312.730
36-4419,4134381.434,1491312.511,4606765.748,710399.070,133035.360,98.460
73-3328,4105046.526,1292597.586,4691705.024,532139.140,258669.300,114.860
Papa,4130906.369,1300534.803,4666966.526,531206.941,222026.967,151.918
87-1014B,3996212.691,1476435.328,4731191.845,741439.470,316961.470,268.990
Kiskunhalas,4151633.613,1469027.334,4598530.008,683704.201,120811.098,149.244
37-3114,4123181.885,1503461.451,4612791.426,725537.420,141987.650,85.620
63-1144,4112760.159,1292868.653,4684914.954,529879.220,248641.340,114.150
47-4054,4093591.306,1522195.537,4632830.961,752901.200,171638.530,91.700
25-2327,4163113.033,1446511.790,4595264.514,658675.500,116021.770,115.940
68-3052,4039662.457,1524611.149,4678839.129,772787.930,239717.070,95.640
78-3305,4025277.452,1517170.267,4693529.125,770452.390,261456.050,92.600
34-3103,4173164.150,1363992.005,4611266.356,577395.860,139684.610,129.720
25-1316,4172156.661,1417363.960,4596107.451,628172.110,117301.920,92.620
47-4001,4102435.377,1518762.429,4626184.241,746770.160,161811.390,98.580
63-3125,4121464.121,1294305.640,4676926.984,528398.330,236833.740,121.910
37-1209,4107810.508,1515726.641,4622415.323,742146.830,156249.890,84.960
26-2013,4145206.465,1480996.685,4600431.842,697115.770,123694.300,118.010
25-1425,4168941.279,1432386.075,4594376.444,643421.140,114758.330,90.670
43-11321,4151096.227,1313603.866,4645664.811,536974.340,190424.850,281.540
24-2013B,4175281.855,1400697.465,4598486.754,611398.960,120743.480,182.140
68-3014,4045299.092,1527544.991,4673039.956,773720.800,231165.470,89.970
47-2059,4082198.515,1527563.783,4641045.639,761693.680,183834.950,85.740
43-4323,4165588.205,1335153.372,4626431.332,552610.630,162147.560,130.780
87-4416,4007560.744,1502589.093,4713479.163,762453.420,290788.980,294.520
36-4017B,4130772.938,1499458.368,4607344.449,719276.700,133980.480,91.230
43-3209,4160949.081,1325419.029,4633407.774,544924.570,172435.650,170.350
73-1307,4091293.498,1288988.347,4704606.911,533212.450,277838.460,115.500
97-3408,3991792.911,1473371.988,4735805.961,739988.440,323897.530,240.420
47-4063,4099946.175,1522361.130,4627184.493,750984.430,163355.400,86.490
43-1321,4156724.242,1318083.462,4639287.268,539370.260,181116.460,197.910
26-2114,4141406.276,1488349.962,4601456.613,705306.700,125265.200,105.410
53-3012,4143086.442,1303183.742,4655559.826,529737.130,205196.510,200.030
58-3053,4062330.471,1532091.651,4656853.093,772458.520,207268.350,86.260
68-1305,4034033.602,1526073.553,4683179.848,776008.740,246219.720,90.030
26-1425,4151907.700,1474831.445,4596414.237,689101.330,117793.080,131.850
26-1062A,4156207.193,1467647.287,4594842.320,680907.490,115463.360,134.510
25-1435,4172469.594,1427548.357,4592695.424,637696.660,112327.360,94.320
78-1304,4013071.980,1512049.342,4705576.697,769598.480,279333.280,121.950
33-2121,4169415.681,1338154.303,4622346.637,554199.760,156000.580,278.910
24-2118,4178349.159,1390360.816,4598908.696,600627.790,121378.780,235.260
73-3011B,4097638.819,1286199.984,4699878.433,528506.590,270892.230,116.330
87-2050,3999572.257,1495191.621,4723205.834,758062.900,304703.560,784.240
37-1436,4116689.281,1514268.040,4615032.340,737871.410,145425.120,80.440
25-4107,4169046.919,1441291.461,4591555.689,651804.430,110635.920,120.870
37-2012,4105328.227,1521628.473,4622690.344,748535.790,156744.970,92.720
78-3323,4026663.978,1523593.967,4690283.553,776071.750,256750.890,95.480
33-2073,4172244.954,1344439.206,4617863.901,559215.090,149487.100,182.080
53-3354,4149278.481,1306473.274,4649158.114,530825.770,195765.710,197.020
33-4214,4174469.099,1351755.658,4613782.210,565404.890,143419.790,210.050
34-3312,4178217.424,1371028.546,4604694.797,582397.280,130030.210,166.940
47-2414,4086458.559,1530184.441,4636458.966,762780.990,177136.890,83.570
25-4204,4163655.281,1455763.641,4591906.313,667243.840,111148.280,139.860
78-3107,4018854.383,1518877.546,4698446.957,774164.450,268843.310,93.860
24-2001B,4177483.879,1411949.149,4593200.935,621315.710,112931.180,270.250
62-2014,4114324.838,1286302.128,4685350.250,523160.700,249424.170,117.450
58-1301,4054883.703,1534262.415,4662585.295,776941.540,215807.200,85.640
62-4421,4129627.538,1291372.312,4670577.784,522961.770,227561.110,123.550
24-2452,4188405.177,1443400.734,4573338.398,612665.080,115033.840,133.460
78-1317,4014844.911,1516621.013,4702586.795,773341.070,274977.360,103.280
62-2417,4120038.993,1287050.400,4680156.441,522004.090,241753.350,117.910
72-4057A,4104172.650,1284090.118,4694783.108,524380.800,263403.770,114.220
48-1137,4076958.889,1534316.538,4643403.745,769787.290,187453.650,83.180
33-4001,4177741.758,1357264.040,4609350.627,569543.940,136821.000,296.700
88-3085,4006410.585,1509467.269,4712186.220,769332.000,289061.590,234.720
58-1054,4050704.480,1535406.120,4665824.755,779387.150,220632.360,90.300
58-3065,4070897.422,1536197.915,4648076.285,773543.920,194381.170,90.750
37-2103,4103606.070,1526223.759,4622689.496,753441.980,156838.240,81.860
73-1011,4089269.272,1283015.265,4707978.970,528225.070,282963.980,117.980
24-1217,4181378.490,1378586.287,4599551.736,588508.410,122532.910,131.600
25-4226,4168718.005,1450303.994,4589071.805,660430.910,107018.180,149.110
26-2247,4143164.139,1493649.530,4598171.552,709743.050,120544.500,100.800
25-3238,4174333.308,1434768.062,4588772.806,643912.770,106639.910,91.410
43-3134,4165119.200,1320025.357,4631173.654,538464.120,169317.030,140.140
33-4413,4179665.512,1358791.569,4607052.419,570358.500,133558.640,210.820
87-2228,3991920.637,1490544.012,4730426.130,756178.280,316038.570,291.120
52-2234,4135599.306,1290503.565,4665570.849,520191.870,220225.980,127.710
58-10011,4058305.684,1538188.328,4658344.166,779535.680,209612.580,87.760
26-2222,4138500.395,1500061.950,4600254.971,717326.410,123659.140,90.520
25-3100,4178864.527,1419611.662,4589354.873,628107.090,107522.240,88.640
26-3208,4157878.441,1473993.872,4591314.230,686361.570,110386.710,129.520
68-1421,4032787.813,1532517.793,4682169.417,782507.190,244853.890,100.600
26-3119,4163067.299,1465142.002,4589474.371,676300.860,107657.460,141.400
68-3240,4039158.333,1535287.657,4675797.056,783045.250,235443.140,91.620
37-3438,4126706.895,1512165.454,4606822.940,732615.770,133402.910,80.140
78-3422,4021155.434,1526872.118,4693909.733,780970.100,262250.020,89.830
37-2066,4112523.314,1523084.561,4615857.554,747565.030,146763.860,93.460
26-2332,4149041.653,1488368.670,4594624.112,702833.400,115322.210,113.090
47-4448,4094963.733,1532436.389,4628260.196,762134.650,165128.960,84.290
27-1101,4132819.081,1507042.688,4603054.190,725779.000,127829.770,85.680
33-1221,4171402.992,1328610.853,4623083.422,544527.490,157406.770,120.950
68-3064,4043835.161,1537320.861,4671113.152,783440.150,228530.600,89.630
25-3129,4179983.615,1419211.089,4588468.732,627363.110,106239.780,90.930
58-3058,4064248.642,1539663.649,4652707.729,778990.460,201308.610,85.960
24-1428,4183710.269,1389981.754,4594190.152,598519.140,114544.980,243.410
43-1057,4159302.764,1308131.749,4639961.502,529123.670,182169.480,323.580
68-1239,4027573.767,1532136.216,4686738.762,783849.680,251665.850,92.960
97-4015,3984809.007,1478964.520,4739833.794,747558.140,330141.300,180.130
52-2438,4141893.323,1291028.565,4659903.401,518634.650,211885.110,146.860
87-2419,3996464.937,1504221.376,4722810.489,767615.380,304429.330,665.550
52-4232,4149064.766,1295870.321,4652245.277,520871.580,200549.820,161.400
23-2244,4183523.607,1363962.881,4601978.796,573985.930,126196.370,156.750
62-4054,4125921.299,1282221.724,4676331.554,515519.900,236231.320,123.270
72-2414,4094985.010,1277994.993,4704398.369,521614.330,277768.730,117.280
37-30011,4120181.689,1520413.959,4609943.457,742541.970,138073.620,92.600
25-4001,4174562.332,1444672.177,4585589.278,653200.050,101946.920,171.730
78-1140,4007395.124,1519416.483,4708003.515,778417.700,283155.360,106.580
25-3307,4180122.001,1426529.976,4586084.891,634236.190,102770.950,88.330
48-1304,4081523.920,1539607.827,4637676.842,773299.730,179129.880,83.080
72-4403,4109799.993,1277735.471,4691616.845,516537.210,258871.210,115.870
43-3050,4165317.548,1312628.711,4633093.013,531407.600,172254.500,146.430
58-3347,4068033.223,1542018.246,4648645.059,779981.160,195360.100,85.170
24-1306,4185466.003,1372434.077,4597700.952,581358.570,119913.630,142.370
62-2349,4119014.898,1278702.232,4683326.619,514445.490,246616.210,119.990
33-4120,4179760.050,1341583.194,4611960.382,554061.790,140948.150,200.820
58-1060,4054423.091,1542587.081,4660252.847,784961.660,212548.470,84.670
Csorna,4114028.314,1277548.613,4688009.953,514981.723,253532.652,134.251
88-3114,3998843.733,1511384.297,4717893.189,773617.770,297729.550,187.470
24-4247,4184439.713,1410536.690,4587280.021,617709.660,104420.690,227.400
25-3400,4179595.256,1432578.878,4584690.500,640125.910,100740.030,89.720
26-4013,4156384.475,1483807.690,4589514.229,696126.170,107849.360,127.190
48-1015,4076021.479,1542535.980,4641524.865,777863.420,184858.970,89.840
25-4417,4172372.516,1454533.513,4584420.267,663236.410,100309.070,134.270
43-3317,4169687.670,1315935.005,4628230.469,533105.720,165128.490,129.160
43-3109,4166571.946,1310895.403,4632423.626,529359.070,171344.670,119.840
37-2413,4108279.975,1531065.185,4616975.348,756494.100,148555.010,84.190
88-3015,4001367.129,1516470.622,4714178.151,777600.730,292236.240,212.160
68-1001,4033933.291,1539698.607,4678852.086,788921.230,240086.050,103.680
37-3415,4126960.393,1518125.744,4604653.290,738167.710,130325.560,82.770
42-2227,4155443.955,1297259.294,4646199.120,520102.330,191685.750,159.580
24-4146,4186886.431,1398925.898,4588505.561,605935.610,106335.960,163.470
58-1264,4050569.178,1544428.741,4662980.994,787960.790,216633.570,89.140
26-2425,4144061.107,1502155.789,4594603.940,717491.860,115460.900,92.940
24-1437,4187966.399,1381231.836,4592915.153,588858.600,112821.440,211.290
26-3403,4162578.373,1476374.362,4586323.116,687078.460,103164.870,130.460
27-1054,4135597.302,1511274.337,4599196.976,728873.140,122268.470,86.390
42-2406,4162979.882,1304209.264,4637633.315,524213.250,178976.440,214.810
33-4069,4184756.599,1351634.660,4604520.354,561930.730,130020.590,187.680
72-4001,4105208.144,1273869.458,4696656.887,514379.610,266405.980,119.790
26-3323,4168853.023,1465220.986,4584216.148,674487.710,100051.950,131.570
33-4334,4183169.914,1344812.747,4607896.896,556000.280,135048.500,159.760
33-1450,4205955.039,1394468.410,4572576.840,544907.680,146515.230,169.020
37-4127,4113266.976,1529572.147,4613052.919,753455.820,142788.790,82.770
48-3016,4093271.831,1539952.016,4627267.860,769791.860,163828.340,83.610
33-1163,4176409.249,1324829.463,4619665.318,539318.240,152517.860,117.230
87-2241,3988655.867,1501220.397,4729724.203,767338.750,315270.040,228.940
52-2013,4142417.226,1284640.354,4661192.037,512424.360,213926.690,145.190
78-1438,4009473.045,1527523.082,4703621.708,785402.270,276795.450,94.310
82-4417,4084509.832,1274396.407,4714412.681,521627.630,292700.850,124.660
48-3119,4084849.356,1543158.271,4633596.401,775571.160,173201.270,84.330
68-1016,4029335.954,1540185.012,4682618.313,790882.740,245716.680,97.770
26-4203,4150808.723,1495647.647,4590683.200,709138.070,109675.250,108.780
37-4142,4119165.842,1526930.546,4608689.724,749034.060,136365.630,81.130
97-4070,3982791.509,1491241.589,4737642.473,759824.070,327111.450,139.860
25-3434,4181583.915,1436585.449,4581658.899,643264.120,96340.880,101.240
24-4433,4186429.575,1417172.142,4583253.771,623331.480,98712.880,90.320
24-4447,4188328.023,1406719.786,4584890.753,612832.230,101013.730,207.010
52-2011,4136545.576,1279659.485,4667749.951,509631.830,223646.440,161.460
97-4103,3978923.236,1482759.870,4743670.897,753068.530,335921.740,258.660
37-2229,4102427.162,1538045.314,4619837.173,765002.440,152886.970,82.690
58-3239,4058667.174,1548497.118,4654631.678,789163.310,204371.190,83.650
72-4313,4109918.505,1271139.443,4693294.537,510261.980,261508.240,116.800
78-3219,4015819.557,1535181.493,4695756.981,790568.350,265215.820,91.710
23-2412,4189765.534,1366335.565,4595608.258,574189.930,116969.660,137.580
68-4323,4038907.238,1546260.942,4672412.547,793500.920,230690.130,86.590
15-2104,4180037.786,1445405.778,4580382.646,652106.430,94434.530,157.630
27-1340,4140775.299,1510352.849,4594867.488,726312.990,115955.780,86.000
62-2013,4116185.880,1271378.953,4687771.212,508444.270,253351.460,116.750
52-4124,4148096.316,1284886.843,4656079.290,510803.580,206455.800,126.110
15-1102,4186048.540,1425904.190,4580905.783,631710.010,95290.160,88.310
62-2065,4123414.558,1272753.002,4681097.721,507385.570,243475.020,125.420
68-2122,4022462.547,1540262.553,4688448.632,793201.450,254426.250,90.050
72-2012,4092487.619,1270139.767,4708681.341,515001.380,284292.040,126.980
48-10181,4079540.572,1547540.356,4636789.730,781446.220,178003.050,84.670
68-2321,4031820.838,1544854.342,4678949.779,794485.500,240382.770,86.950
24-3465,4191513.066,1390856.414,4586825.502,596797.850,103918.510,220.650
26-4001,4158534.860,1489855.542,4585635.111,701141.890,102273.240,129.820
72-4125,4103612.474,1268668.497,4699436.285,509982.250,270646.520,117.380
33-3075,4184163.562,1333641.639,4610261.117,545116.820,138640.980,185.800
42-2419,4162983.124,1296509.369,4639783.183,516933.480,182278.320,221.240
Baja,4184409.842,1435900.984,4579323.590,641694.705,92957.702,112.011
52-4305,4153214.367,1286710.134,4651054.817,510856.860,199056.440,133.510
23-2117,4189125.115,1349548.201,4601150.304,558531.630,125200.240,165.260
78-1011,4001832.248,1527026.847,4710248.599,787429.940,286716.680,100.320
Sumeg,4163665.605,1296184.274,4639231.887,516402.843,181508.225,196.992
88-1015,3990430.253,1513688.869,4724291.559,778545.160,307360.660,232.720
62-4305,4133419.768,1273744.532,4672075.588,505059.110,230169.260,139.490
16-1001,4171409.623,1470823.782,4580140.884,678949.860,94167.410,145.150
37-4222,4110002.531,1538014.250,4613157.645,762501.820,143102.310,84.840
27-1053,4129370.269,1524490.586,4600414.911,743398.960,124249.900,81.580
42-4072,4171569.065,1305093.561,4629600.909,522243.140,167350.540,133.020
72-2324,4099473.798,1266954.904,4703484.202,509711.610,276677.780,119.310
Miskolc,3989504.003,1513538.678,4725020.625,778707.473,308535.832,161.428
78-4018,4018774.951,1541588.885,4691159.341,795659.950,258507.830,92.590
88-3408,3996611.844,1523633.052,4715749.156,785927.710,294888.100,107.260
58-4016,4062711.664,1553018.391,4649632.424,792117.410,197087.220,86.890
58-2065,4052069.925,1552898.480,4658887.485,795478.020,210783.470,87.360
Gyomaendred,4078194.267,1551276.058,4636745.087,785417.033,178011.902,98.517
14-2221,4190467.982,1419136.815,4578982.761,623870.220,92538.440,90.770
24-4361,4194120.333,1396387.711,4583003.760,601176.000,98190.900,377.040
15-1214,4187223.636,1434357.837,4577220.832,639317.460,89945.970,91.910
33-1165,4179539.822,1315547.808,4619475.092,529521.950,152439.790,107.920
24-3143,4194717.477,1378896.166,4587397.535,584445.440,104947.670,144.750
16-1202,4165162.742,1485154.042,4581164.020,694535.120,95763.320,123.330
48-3446,4087343.474,1550017.429,4629138.147,781242.080,166800.120,86.290
15-2237,4178974.042,1458969.023,4577029.060,665275.000,89644.220,125.230
58-2145,4043910.702,1553317.932,4665782.335,798538.490,221025.750,85.310
15-2234,4176958.366,1463981.569,4577270.277,670671.230,90005.880,127.730
88-3073,3992308.952,1521493.231,4720056.854,785311.240,301312.420,109.480
48-1056,4072778.893,1553962.056,4640559.972,789723.940,183715.970,85.320
27-3136,4147485.620,1509976.279,4588977.253,723768.200,107388.930,87.470
27-1405,4134366.513,1523194.459,4596387.691,740544.010,118358.470,85.380
52-1001,4146957.828,1277033.856,4659439.232,503754.410,211408.020,278.500
33-1071,4183189.024,1320587.286,4614765.180,533093.900,145502.110,109.390
33-3442,4190044.783,1339334.937,4603286.140,548577.210,128459.280,168.010
38-1118,4098569.438,1546715.598,4620364.980,774457.980,153844.760,84.220
78-2014,4004818.855,1535162.977,4705089.623,794145.400,279191.140,94.680
88-1149,3983341.404,1508793.707,4731646.998,776237.060,318451.000,131.000
62-3209,4129531.638,1268368.754,4676934.712,501244.930,237454.050,134.840
27-2103,4124614.160,1531520.915,4602332.702,751596.890,127167.990,81.410
33-3001,4189704.381,1337466.589,4604159.322,546922.630,129736.310,186.800
15-2320,4183530.614,1450014.680,4575724.716,655323.250,87741.640,128.050
24-3075,4195871.609,1371392.447,4588630.238,576976.160,106782.320,178.780
27-1441,4141221.971,1517601.723,4592087.631,733020.490,112020.790,81.230
78-40011,4013915.927,1542724.677,4694919.154,798321.210,264160.330,92.680
16-1224,4171696.366,1477017.700,4577883.493,684711.720,90950.610,132.510
68-2108,4021959.466,1547967.360,4686354.037,800649.610,251506.840,88.490
14-2118,4195414.517,1405060.430,4579020.181,608950.200,92506.820,252.700
23-2310,4193913.490,1350593.455,4596486.296,557955.340,118459.300,147.760
82-40111,4084959.148,1264161.023,4716768.905,511802.660,296441.310,129.160
98-3020,3979275.150,1504261.776,4736515.859,773281.550,325665.740,160.390
62-1232,4121051.556,1264169.238,4685466.061,500040.310,250137.000,120.240
72-1401,4104456.563,1261668.831,4700575.112,503088.320,272510.930,116.820
97-2428,3973884.421,1493718.902,4744336.421,765077.180,337246.240,173.140
42-2112,4162211.560,1286003.289,4643260.783,507251.690,187691.110,138.750
15-1002,4192498.843,1425966.126,4575143.368,629663.090,86886.170,174.680
37-4432,4116134.374,1540023.301,4607054.043,762401.150,134221.230,82.360
52-3235,4154388.825,1278594.242,4652250.009,502801.040,200997.020,143.740
68-4016,4034164.141,1554612.623,4673738.862,802945.220,232880.470,93.430
26-4436,4156534.419,1503001.691,4583129.341,714222.750,98808.890,97.260
24-3462,4198303.536,1385632.369,4582304.714,589642.890,97388.360,278.100
15-1409,4190643.676,1435135.720,4573861.107,638936.420,85103.700,86.610
42-4101,4170376.470,1293457.181,4634018.377,511634.010,173965.290,212.170
38-3001,4106520.858,1546325.511,4613484.611,771495.170,143748.880,89.980
32-2234,4178338.323,1304612.249,4623641.625,519577.130,158722.290,113.700
15-1429,4178750.336,1403235.247,4594519.901,647480.050,84321.980,104.000
88-4001,3996244.558,1532217.015,4713286.329,794162.670,291413.430,100.950
72-2013,4095933.903,1260317.188,4708324.102,504589.490,284011.030,124.990
72-3425,4116100.916,1260805.050,4690679.778,498473.970,257918.330,115.670
14-1001,4198766.887,1394900.305,4579647.783,598255.280,93048.890,681.330
48-3416,4090722.551,1553873.666,4624889.124,783785.340,160646.390,87.660
88-1065,3985930.102,1520546.650,4725741.915,786501.140,309826.770,132.200
33-3141,4188288.906,1322253.419,4609717.116,533003.540,138136.470,126.530
52-1243,4140233.501,1267826.946,4667686.604,497241.080,223878.800,144.440
23-4001,4198481.992,1363550.114,4588712.972,568711.860,106907.480,274.900
38-3112,4112285.889,1544662.441,4608928.243,768042.410,137052.900,84.980
16-2114,4164371.601,1494968.662,4578692.779,704071.770,92281.740,113.340
48-2121,4065557.654,1560199.290,4644769.597,797977.470,190090.210,85.880
33-3337,4191828.686,1329897.616,4604376.645,539073.680,130222.460,157.840
97-2050,3968358.352,1485300.308,4751873.112,758921.380,348214.470,414.290
68-4405,4037925.899,1558725.334,4669141.160,805604.890,226163.180,87.440
23-4223,4199412.785,1362982.083,4588011.614,567870.720,105921.060,258.330
48-3055,4080077.943,1558691.787,4632614.436,791813.630,172123.350,89.420
88-4338,3995502.443,1534552.202,4713152.633,796612.770,291277.930,98.020
14-2409,4198120.380,1411059.544,4574631.874,613736.920,86209.500,187.570
27-3229,4145094.137,1519934.202,4587845.974,733962.780,105893.750,78.870
27-2011,4120982.954,1540482.023,4602605.044,761253.280,127725.630,90.230
58-2015,4046161.420,1560738.887,4661382.703,804819.390,214698.770,85.680
62-1016,4128090.511,1260900.667,4680204.842,494653.960,242463.320,136.090
32-2421,4184896.737,1310029.913,4616241.949,522556.790,147849.210,128.160
78-4429,4012922.241,1549771.307,4693453.793,805307.620,262166.330,90.090
Puspokladany,4040994.394,1560859.914,4665814.346,806620.607,221263.832,101.778
23-1401,4196532.155,1340187.508,4597148.409,547263.750,119584.950,155.570
88-4118,3989307.627,1529510.290,4720009.025,793871.100,301441.450,113.630
24-3339,4201431.534,1377090.920,4581922.378,580546.880,97003.210,211.600
Kaposvar,4198371.629,1347805.324,4593271.059,553863.745,113850.131,158.986
14-2424,4198048.426,1417658.267,4572620.861,619997.860,83311.500,151.840
16-1332,4179711.931,1472323.471,4572119.249,677658.720,82596.990,132.290
27-3373,4156040.857,1509333.751,4581495.197,720370.270,96523.870,89.080
15-2436,4184269.754,1462564.326,4571078.415,666945.640,81065.120,124.330
16-2228,4162150.843,1502151.184,4578352.559,711586.620,91870.510,105.570
27-3300,4149176.726,1518212.627,4584747.884,731003.560,101368.930,80.580
48-3434,4084476.436,1559998.543,4628323.873,791613.980,165845.020,88.180
27-2346,4133387.750,1533487.104,4593853.757,750594.350,114850.250,79.600
62-3015,4134896.224,1260933.160,4674245.526,492464.720,233686.840,151.210
52-1431,4150838.652,1268699.680,4658138.275,494606.200,209828.300,183.050
88-1001,3978975.229,1517881.618,4732600.120,786252.720,319947.940,273.910
27-2057,4127942.172,1538495.329,4597056.647,757105.410,119604.350,82.370
27-4116,4139731.321,1528738.533,4589750.721,744035.880,108799.270,79.830
14-1115,4203097.633,1384596.666,4578278.778,587098.330,91575.390,299.920
23-4430,4202807.367,1368926.140,4583079.450,572379.670,98790.340,197.420
38-1209,4095119.279,1557577.367,4619783.387,785852.700,153241.270,87.290
78-4053,4007545.933,1549559.266,4698085.154,806863.940,269092.590,91.040
15-4012,4190793.091,1450517.237,4568931.433,653427.990,77965.690,107.360
23-4108,4200563.436,1348182.727,4591217.907,553505.030,110844.820,193.540
98-3229,3973412.091,1509646.109,4739702.539,780288.460,330609.350,160.710
32-2123,4183913.545,1302001.965,4619352.097,515288.540,152566.310,106.140
Szeged,4147508.750,1522034.254,4585018.530,735160.431,101794.887,102.434
68-2063,4024154.942,1559263.842,4680764.393,810611.800,243481.270,92.810
42-4325,4176947.821,1290943.431,4628761.388,507110.650,166438.000,160.040
Oroshaza,4110947.208,1551048.433,4608009.820,774516.472,135828.173,103.706
14-2322,4202667.857,1403348.700,4572847.600,604963.190,83689.180,192.950
58-4014,4053543.837,1566015.912,4653251.238,807398.140,202791.090,88.910
52-3432,4159658.056,1272562.646,4649246.580,495379.230,196746.480,166.870
23-1131,4197469.844,1331414.032,4598840.873,538664.390,122185.650,163.420
98-1326,3968619.114,1501806.022,4746153.466,774444.450,340197.260,155.060
42-3208,4227793.888,1399573.048,4550800.767,502102.120,175490.380,135.470
48-2061,4070560.195,1565684.117,4638583.512,801530.400,181104.800,88.300
58-4432,4059681.161,1566640.082,4647721.728,805984.890,194628.770,86.660
38-1450,4101932.112,1556592.377,4614109.962,782698.980,144897.520,90.090
17-1112,4153803.439,1516812.382,4581048.751,728170.730,95981.060,82.990
62-1109,4122432.730,1253980.009,4686987.558,489955.530,252652.450,126.680
15-3120,4198175.547,1432272.065,4567887.543,633770.480,76504.310,86.170
48-4126,4077702.330,1565594.549,4632373.134,799115.150,171953.860,84.430
28-1112,4118501.161,1548991.151,4601969.157,770107.950,126976.980,86.230
52-1108,4146419.267,1261323.642,4663998.512,489074.080,218640.400,157.000
32-4001,4191543.928,1310845.302,4610166.345,521158.470,138916.950,235.960
98-1124A,3964712.362,1496533.393,4751115.082,770736.460,347542.370,204.800
15-3059,4196172.244,1442564.003,4566516.218,644153.780,74497.280,98.870
42-1211,4167401.465,1276089.155,4641364.527,496184.720,185177.290,146.890
88-2016,3982733.252,1530741.450,4725239.034,797182.500,309259.440,198.830
14-4102,4204337.340,1407099.395,4570193.906,607963.470,79829.350,204.760
14-1070,4178808.344,1331570.452,4615654.365,595495.590,83352.220,216.550
78-2055,3995947.415,1546154.469,4709002.364,807435.900,285370.520,92.850
72-3015,4117650.696,1250622.650,4692040.911,488340.420,260206.320,119.040
32-4428,4195670.498,1318004.113,4604262.641,526575.440,130328.260,132.180
88-2012,3978944.153,1526820.202,4729725.065,794713.590,315875.160,241.310
13-2209,4206714.544,1369940.699,4579331.048,572063.340,93291.210,280.310
38-3335,4109528.344,1555748.595,4607674.043,779423.510,135458.310,89.940
15-4001,4191245.768,1459052.722,4565844.783,661349.220,73509.620,126.370
27-2236,4124317.930,1546725.551,4597548.496,766068.820,120481.310,85.400
14-4214,4203300.362,1417824.480,4567755.298,618440.010,76321.050,137.910
14-1058,4207086.736,1378983.060,4576348.757,580489.410,88841.430,319.300
52-3123,4156056.779,1265178.387,4654503.111,489574.470,204583.050,209.780
78-2015,3999704.166,1550423.959,4704436.766,810244.290,278640.070,92.170
88-4134,3987684.058,1539249.798,4718199.281,803609.670,299005.210,93.620
68-2013,4017753.470,1561945.001,4685338.564,815237.880,250386.460,94.450
32-2011A,4182928.200,1291493.547,4623290.111,505678.390,158441.910,195.650
48-2054,4064399.241,1570318.304,4642396.381,807922.490,186858.090,91.460
38-2135,4091871.830,1564861.435,4620197.774,793799.060,154030.600,88.260
69-3058,4028214.997,1566747.594,4674813.309,816360.770,234830.160,95.610
27-3838,4149695.850,1526648.515,4581492.821,738810.070,96776.150,77.240
15-4014,4196984.249,1446923.511,4564397.387,648009.960,71449.390,93.830
59-1102,4039978.916,1570587.644,4663426.797,816149.430,218016.500,88.660
58-2434,4046521.092,1571562.852,4657466.405,814935.280,209196.640,91.380
15-3302,4203018.287,1428216.793,4564722.337,628355.900,71964.930,84.850
27-4317,4143066.427,1534508.511,4584846.235,748403.740,101771.200,79.740
62-3322,4142025.062,1254075.436,4669820.216,483654.880,227378.290,161.020
62-3054,4136013.595,1251645.679,4675779.715,483319.290,236177.760,178.230
98-4322,3972918.540,1523409.034,4735692.994,793461.810,324930.300,127.800
23-4325,4207739.832,1353764.259,4583080.172,556436.730,99000.680,213.900
69-3317,4034766.281,1570772.823,4667843.342,818026.840,224587.620,87.270
79-3328,4009901.394,1561365.478,4692201.076,817255.820,260633.530,90.170
58-40011,4054314.010,1573603.665,4650040.613,814320.500,198258.850,88.640
62-1118,4126951.370,1247808.133,4684685.605,482645.810,249432.310,135.540
62-1001,4129308.696,1248341.427,4682554.219,482382.550,246221.330,189.790
98-1428,3964679.049,1509936.073,4747042.344,783416.120,341584.420,290.100
27-42271,4136897.019,1541590.999,4588020.185,757112.030,106511.120,81.050
32-4116,4193156.684,1302243.802,4610988.811,512498.420,140415.780,133.250
32-4410,4196430.866,1308649.318,4606243.474,517484.300,133387.010,145.870
Pecs,4210316.417,1387264.133,4570660.005,587260.307,80747.975,140.020
14-4125,4209132.826,1403251.818,4566970.979,602760.270,75233.520,195.900
23-3012,4206416.710,1338456.690,4588750.583,542399.430,107437.690,215.090
52-1017,4154564.145,1258547.471,4657560.397,483791.430,209282.750,172.320
32-2015,4189496.789,1294316.322,4616490.741,506199.580,148590.300,121.150
42-3230,4231748.862,1385661.041,4551377.674,495255.200,169039.270,231.580
13-2115,4210469.999,1361226.432,4578405.636,562598.590,92143.280,223.910
69-1322,4019080.315,1567867.605,4682236.338,820403.890,245940.230,90.070
52-3314,4162447.216,1263138.974,4649378.969,485560.360,197158.440,210.280
23-3409,4208278.108,1343824.656,4585540.166,546865.890,102679.950,247.100
23-1018,4204903.804,1328579.767,4592915.180,533556.540,113681.600,170.320
108-3333,3958129.278,1497846.505,4756143.722,774131.100,355213.790,197.530
14-3172,4211556.741,1387884.823,4569325.201,587441.820,78831.280,131.100
22-2057,4202184.507,1319044.733,4598085.477,525431.240,121363.970,149.430
38-3402,4107834.652,1562956.489,4606754.587,786790.970,134282.110,92.510
52-1101,4148987.838,1253429.517,4663888.389,480772.790,218674.210,189.820
38-4119,4101054.070,1566317.191,4611617.633,792180.250,141484.180,91.570
88-4262,3986737.019,1546952.989,4716492.604,811201.900,296657.450,94.630
48-2065,4069954.559,1575361.331,4635852.798,810877.800,177352.130,85.970
15-3430,4203385.921,1438878.376,4561064.509,638314.630,66669.680,89.090
14-1359,4212248.190,1377697.907,4571968.703,577588.210,82591.360,285.950
48-4424,4081755.219,1573219.684,4626258.340,805002.310,163162.680,84.920
79-1341,4001185.150,1559540.011,4700188.438,818378.610,272542.930,90.460
23-3001,4209607.679,1345599.554,4583834.027,548109.500,100173.550,263.990
28-1001,4123313.864,1554628.116,4595802.286,773868.200,118098.560,90.600
42-1315,4172623.825,1269912.465,4638483.879,488641.880,181077.630,218.560
27-4053A,4132383.606,1548276.298,4589829.341,764904.820,109270.050,85.130
28-1242,4114733.112,1560132.578,4601586.725,781871.080,126662.310,92.070
13-2405,4212331.343,1366921.305,4575034.129,567373.720,87197.140,235.230
88-2015,3978212.554,1538602.505,4726375.516,806094.240,311286.170,117.180
88-2055,3974906.240,1534310.256,4730684.286,803114.880,317533.950,237.400
69-3125,4027606.558,1573383.839,4673114.039,822833.740,232508.460,91.370
98-1222,3960154.511,1507973.494,4751334.431,783041.830,348112.340,232.520
42-1120,4168433.997,1264343.289,4643672.050,484743.470,188841.160,173.230
59-3305,4051721.309,1578480.987,4650642.243,819778.600,199297.500,87.940
17-2110,4148785.501,1535692.524,4579310.828,747658.130,93758.550,78.700
98-4118,3966573.776,1523154.902,4741083.164,795296.210,333055.740,149.570
14-4427,4210394.078,1415453.863,4561967.684,613882.420,68033.390,120.140
61-2228,4125958.257,1242502.026,4686969.574,477952.560,252943.190,146.340
98-4324,3970656.506,1530205.830,4735496.211,800625.580,324736.250,199.220
14-3014,4213662.246,1394998.769,4565346.549,593479.430,72964.180,205.390
61-2425,4134768.724,1243961.634,4678932.340,476459.990,241022.610,195.160
32-1208,4186769.284,1282533.774,4622279.210,495952.900,157236.210,170.370
89-3019,3989879.565,1554402.576,4711416.372,817217.470,289244.020,93.930
14-4439,4209721.767,1423340.504,4560097.364,621557.290,65338.600,85.060
13-2013,4213106.523,1351027.009,4578995.810,552095.990,93158.140,222.930
38-2332,4095233.218,1572421.841,4614691.798,799851.390,146148.170,92.080
38-2244,4087749.649,1575263.017,4620307.836,804978.780,154473.310,85.800
59-1322,4044103.737,1579755.661,4656796.667,823470.690,208456.110,89.900
61-4054,4141207.034,1244996.506,4672986.114,475337.900,232270.030,185.350
61-4001B,4146978.195,1247293.416,4667336.655,475627.540,223879.540,219.210
79-3322,4005106.696,1567478.904,4694247.362,824602.430,263885.090,93.080
69-3100,4022967.940,1575829.208,4676268.174,826660.960,237282.630,95.010
48-4054,4074071.532,1579682.933,4630799.704,813620.500,170029.080,87.690
32-4312,4199028.760,1299195.899,4606537.093,507698.660,134048.160,136.430
42-3164,4181608.112,1272737.007,4629572.202,488376.380,168115.930,147.180
14-4325,4213993.921,1408583.927,4560808.229,606212.670,66393.880,141.780
69-1141,4011880.594,1572120.964,4686960.364,826777.410,253124.340,97.550
42-1001,4168430.678,1259412.169,4645096.945,480084.160,190992.220,239.880
14-3100,4216067.032,1388938.839,4564969.521,586965.450,72491.010,200.310
98-2001,3960834.262,1518782.361,4747467.113,793036.200,342420.780,320.250
59-1124,4037039.652,1580891.709,4662499.488,826851.450,216957.450,90.810
32-1001B,4192488.627,1285922.842,4616167.580,497288.120,148305.840,153.690
48-4427,4079784.696,1579544.075,4625844.299,811625.190,162733.420,84.940
22-2122,4204433.526,1308481.129,4599038.475,514710.500,122981.170,147.290
28-1442,4121137.702,1562490.952,4595099.236,782012.490,117247.200,95.580
32-3012,4196290.489,1290941.639,4611403.655,500791.640,141230.970,198.380
28-3011,4128720.676,1557707.341,4589954.241,775016.420,109637.020,99.910
49-1147,4057378.612,1583379.249,4644084.126,822563.180,189745.710,87.610
51-4052,4160001.839,1251345.952,4654683.419,475207.860,205281.360,185.140
13-4216,4217616.566,1375819.364,4567395.187,574056.720,76205.690,129.690
69-3426,4030491.876,1580714.430,4668184.842,828822.240,225403.100,92.580
51-2205,4152490.858,1246737.391,4662596.406,473302.510,216969.380,206.720
88-2017,3978373.089,1548698.782,4722946.534,815587.160,306426.400,103.880
79-1132,3992030.902,1562058.155,4707104.422,823751.360,282988.160,105.300
89-3055,3981718.380,1553143.553,4718686.666,818695.530,300146.670,98.030
79-1351,3998316.087,1567577.113,4699973.652,826914.610,272461.900,102.280
13-2317,4217594.054,1356251.559,4573231.061,555566.880,84874.500,133.840
14-3165,4218552.278,1382673.421,4564594.253,580231.000,72012.800,211.850
88-2247,3973417.359,1544353.798,4728491.996,813100.240,314673.530,97.550
23-3312,4213452.550,1330713.211,4584498.636,532779.560,101521.480,160.690
22-2439,4208824.190,1314856.380,4593260.921,519302.710,114483.470,162.810
38-4001,4104231.698,1573529.402,4606379.111,797963.150,133993.850,99.690
17-2217,4145880.055,1545612.736,4578613.122,757985.580,92923.800,81.550
22-4241,4211371.319,1322610.808,4588707.706,525800.300,107765.550,148.020
49-1341,4066242.745,1584384.847,4636035.321,820621.060,177889.360,87.260
108-3202,3951641.646,1504660.195,4759327.708,782695.580,360248.010,169.890
13-1208,4215835.790,1340341.102,4579559.825,541102.270,94206.540,179.550
69-1439,4017908.576,1578891.182,4679579.447,831208.500,242307.670,108.140
41-2220,4173147.403,1258508.645,4641066.691,477688.590,185199.380,192.280
98-4420,3967799.834,1538367.141,4735132.198,809277.530,324517.060,113.020
32-1115,4189504.393,1275763.345,4621652.121,488658.360,156534.220,151.110
61-4052,4141350.350,1238906.153,4674542.157,469533.770,234685.680,240.140
13-4134,4219610.630,1364846.624,4568831.436,563032.690,78426.580,126.780
27-4017,4140818.815,1551721.406,4581115.308,765411.830,96672.060,85.890
71-4407,4125471.083,1234006.826,4689667.571,470078.970,257147.920,178.220
28-3013,4135888.126,1555787.693,4584173.065,770864.460,101196.370,89.180
89-3365,3987176.805,1561605.805,4711323.905,824911.080,289330.570,94.720
14-3015,4219770.570,1390205.862,4561156.083,586953.040,67025.690,179.020
51-4406,4168311.184,1252652.035,4646938.093,473730.040,193944.240,180.760
98-2019,3954890.753,1517507.672,4752723.011,793776.620,350423.430,269.530
Zalaegerszeg,4183195.296,1266312.074,4629927.574,481784.272,168795.027,168.759
38-4056,4099813.963,1577833.463,4608821.296,803473.830,137686.330,97.950
38-2260,4086620.047,1582716.768,4618769.888,812395.290,152426.710,85.780
04-1202,4219773.104,1397315.160,4558947.879,593672.380,63819.250,144.920
28-3240,4126232.808,1563919.765,4590069.274,781702.110,109952.890,93.620
59-3411,4050259.928,1587815.500,4648754.339,829081.520,196792.980,91.200
32-1014,4193854.005,1278913.206,4616895.891,490215.840,149532.180,172.600
38-2400,4088409.546,1582508.356,4617268.215,811614.440,150215.280,86.270
41-4203,4180180.373,1261466.640,4633999.778,478189.000,174812.750,209.100
61-4064,4149183.405,1239593.625,4667467.264,467628.200,224282.380,248.230
51-4014,4164000.634,1247393.754,4652215.448,470166.300,201777.770,207.490
49-3340,4073483.846,1587197.548,4628757.634,820917.790,167249.600,85.620
28-1401,4116548.067,1571225.603,4596230.656,791768.320,119107.380,98.260
13-1015,4220013.897,1347431.065,4573629.010,546438.420,85579.140,152.200
98-2454,3959546.206,1530770.065,4744497.939,804794.260,338427.760,162.810
28-2115,4109389.681,1575183.801,4601242.420,797845.540,126529.870,96.470
38-4207,4094222.580,1582155.792,4612270.072,809384.970,142872.250,86.910
04-2223,4218647.487,1416893.779,4553938.854,612548.140,56504.640,117.300
59-3208,4041784.863,1589138.706,4655629.241,833099.560,207024.080,93.010
69-3213,4021329.509,1584832.947,4674648.436,835709.040,235162.220,97.370
51-2100,4154151.763,1240350.159,4662840.949,466721.410,217512.820,222.720
04-2132,4220675.583,1406054.005,4555621.131,601639.600,58841.330,269.320
71-40561,4125618.984,1230225.926,4690656.359,466457.990,258621.550,275.200
98-21341,3956016.292,1526713.492,4748766.111,802113.150,344748.910,197.750
32-3112,4198607.173,1281621.524,4611822.512,491222.600,142139.970,148.310
13-4104,4222440.969,1357188.453,4568481.766,554868.300,78059.390,113.600
79-3451,4003683.273,1578471.709,4691844.634,835459.790,260606.730,130.600
69-1218,4010497.884,1582402.558,4684742.953,836949.270,250114.230,130.460
13-4409,4223726.900,1370683.367,4563288.174,567204.850,70404.780,107.940
32-3435,4205147.632,1291214.510,4603294.001,498155.300,129512.440,189.510
69-3433,4027527.819,1588724.431,4668028.676,837363.770,225434.370,95.380
22-2016,4211298.000,1304380.003,4593994.853,508590.980,115775.320,176.580
28-3329,4134150.726,1562619.714,4583423.374,777891.280,100255.690,90.610
22-1230,4208335.757,1297257.134,4598680.534,502825.320,122719.350,168.070
89-1330,3973783.663,1555850.729,4724439.571,823850.070,308911.650,96.860
Sopron,4123048.284,1227806.153,4693474.003,465006.794,262898.524,233.499
79-3240,3997174.171,1576458.694,4697998.523,835684.940,269784.650,110.720
49-1403,4059776.417,1592448.503,4638919.924,830356.100,182402.440,87.830
89-1073,3968882.481,1551069.312,4730130.455,820931.950,317323.760,126.800
89-3013,3979834.332,1563426.403,4716909.716,829033.030,297782.780,111.390
22-4418,4217194.913,1317868.002,4584749.289,519413.530,102171.640,148.310
51-2068,4161273.999,1240262.500,4656545.532,464313.740,208317.700,218.190
79-1015,3990368.054,1572929.221,4704929.819,834572.610,280059.950,121.280
04-10571,4224902.731,1390480.219,4556477.838,585536.610,60221.490,269.830
59-1058,4034511.996,1592219.373,4660857.367,838387.160,214881.870,100.940
41-2404,4178202.944,1252078.486,4638350.460,469959.700,181387.710,247.140
41-4229,4182985.268,1256646.543,4632751.713,472715.040,173173.530,183.760
22-4141,4215711.632,1310906.761,4588088.411,513317.810,107136.880,150.430
39-1138,4080963.065,1590633.935,4621037.710,821727.050,155994.700,87.040
38-4413,4103741.378,1582822.238,4603644.912,806910.430,130250.420,96.180
18-1112,4141506.671,1559338.444,4577928.768,772390.270,92204.840,86.870
49-3051,4065022.180,1593528.220,4633987.884,829665.080,175155.250,89.190
Siklos,4224953.736,1397193.107,4554175.730,591864.255,57009.602,115.662
69-2064,4014699.663,1587700.496,4679370.712,840585.720,242281.500,120.200
41-2123,4173145.369,1246830.862,4644190.891,466647.860,190119.090,186.720
98-2011,3951022.950,1525504.033,4753450.411,802600.650,351684.390,325.840
13-1304,4222727.142,1334932.232,4574800.776,533736.830,87486.980,165.670
99-3145,3961202.175,1543956.972,4739019.687,816716.760,330394.160,269.310
108-4001,3949533.957,1522885.086,4755506.387,800612.040,354742.630,320.640
61-4315,4148581.061,1231810.575,4670120.952,460466.800,228366.180,303.720
49-1218,4052359.259,1595271.254,4644398.618,835446.050,190592.470,90.460
41-40012,4187741.157,1259600.673,4627847.786,473957.890,165837.140,303.050
41-4001,4187773.563,1259631.645,4627810.940,473976.590,165782.260,303.530
49-3014,4071273.453,1594047.894,4628354.681,828116.640,166868.310,88.320
28-2331,4113977.523,1579416.041,4595726.953,800351.580,118586.420,97.270
32-3017,4204574.468,1282185.237,4606287.019,489806.030,134105.440,165.490
04-1115,4227079.291,1381675.816,4556995.644,576501.390,61170.240,171.240
32-1323,4197509.171,1270781.070,4615861.613,481334.100,148241.760,197.890
13-3207,4225484.823,1345782.964,4569058.054,543091.980,79071.510,128.200
04-2321,4224610.617,1410140.247,4550510.959,604215.810,51654.480,104.470
13-4063,4227503.855,1361614.088,4562500.966,557397.010,69421.550,100.720
39-3102,4090233.742,1590915.731,4612795.403,818969.390,143897.650,89.090
12-2224,4222969.381,1326861.806,4576872.013,526027.840,90658.960,138.000
31-2219,4193431.541,1263298.361,4621642.662,475593.260,156789.420,243.630
89-3408,3980226.625,1570177.808,4714353.566,835287.850,294156.590,112.180
98-2062,3953569.666,1537437.037,4747374.784,813051.640,342931.250,214.150
59-4326,4045478.903,1598174.285,4649362.793,840437.240,198041.250,90.670
89-1066,3971926.663,1562992.896,4723657.120,831209.880,307957.110,103.100
51-4060,4169502.262,1239511.134,4649439.797,460917.480,197963.980,227.060
Debrecen,4010732.055,1590284.536,4681906.784,844324.785,246137.199,141.494
04-1421,4172246.491,1284022.006,4634847.550,593185.990,52174.120,94.330
28-4001,4119945.806,1578886.656,4590600.928,797904.870,111090.370,102.170
22-1020,4214231.807,1295712.821,4593846.941,499440.130,115716.240,240.270
28-4111,4119522.987,1579305.822,4590831.634,798439.170,111439.990,100.020
04-1066,4228635.921,1392329.250,4552231.061,586062.940,54297.520,94.650
28-4139,4122824.966,1577445.488,4588526.345,795603.320,108028.700,103.090
03-2212,4229492.275,1373244.773,4557203.219,567741.980,61655.110,99.560
79-4122,3995503.102,1583154.555,4697204.616,842561.200,268800.300,133.560
32-3106,4201284.215,1271030.582,4612399.792,480336.920,143211.940,211.820
99-3065,3962263.576,1553136.726,4734984.115,825051.700,324718.490,140.410
69-4327,4020088.251,1595684.126,4672048.776,846374.400,231658.160,102.820
89-1012,3967289.308,1561270.959,4728112.657,831098.550,314614.060,118.740
13-30011,4228113.113,1337490.560,4569092.507,534394.260,79258.110,150.410
79-4338,4002122.762,1589342.994,4689532.160,846248.240,257514.300,138.860
28-2213,4106944.682,1588661.235,4598812.042,811387.440,123346.480,99.690
59-4011,4039261.546,1600916.315,4653800.407,845059.830,204711.120,96.170
49-3220,4064752.541,1601255.734,4631577.518,837060.270,171854.050,90.130
39-3314,4099503.801,1592527.933,4604069.013,817470.550,131153.140,95.260
04-1316,4178891.435,1279072.447,4630390.094,578741.970,53154.950,93.990
79-2103,3982566.742,1578214.722,4709730.630,842121.040,287467.050,118.230
13-3412,4231008.285,1349956.267,4562722.867,545231.230,69933.650,106.120
49-2325,4057844.551,1602221.109,4637259.100,840227.540,180273.590,90.080
59-2337,4032364.724,1600994.374,4659713.099,847385.780,213492.190,97.960
39-3011,4091854.747,1595946.416,4609647.827,823197.780,139430.050,94.630
79-2353,3989202.642,1583831.762,4702277.162,845261.820,276454.620,121.030
69-2388,4010377.906,1595266.832,4680491.464,849152.170,244228.130,117.310
22-1055,4214387.123,1286815.049,4596082.555,490975.760,119257.050,163.050
98-2222,3948378.145,1537586.110,4751644.498,814891.020,349399.140,235.080
51-14061,4160596.539,1228346.085,4660388.339,453269.230,214251.040,295.240
59-2106,4026188.260,1600527.131,4665173.152,848961.270,221596.820,97.190
22-4317,4221946.542,1303839.831,4584375.678,504598.780,101981.420,138.250
89-3245,3972996.947,1571971.699,4719804.847,839348.880,302446.090,105.430
49-3429,4072868.638,1602017.720,4624226.388,835132.680,161048.590,88.970
39-1414,4083039.527,1599924.641,4616029.328,829835.420,148926.820,88.530
22-3228,4220457.545,1297571.941,4587531.585,499160.610,106660.070,158.870
03-2121,4233734.762,1365353.161,4555656.026,558895.180,59550.400,107.280
12-2112,4226549.475,1315661.250,4576794.616,514268.930,90805.320,133.180
31-2427,4200207.330,1260701.703,4616186.096,470923.460,149004.420,210.200
12-2430,4229023.977,1325298.367,4571759.926,522570.420,83358.820,133.490
99-1339,3951893.857,1546761.356,4745914.803,822412.410,340865.140,336.020
108-4011,3944293.996,1533086.834,4756504.298,811973.080,356613.610,271.660
99-3121,3956194.308,1553664.030,4739880.343,827535.740,332130.160,162.590
31-4262,4226900.885,1301890.346,4580360.991,476580.920,137313.040,224.620
31-4001,4209549.247,1273068.271,4604502.363,479565.260,131627.260,322.930
31-2111,4195697.526,1253792.647,4622157.035,465865.480,157843.180,233.320
28-4220,4118907.166,1586622.406,4588874.456,805559.110,108784.750,100.210
99-3443,3961632.412,1562122.581,4732517.197,833755.070,321327.920,99.850
28-2064,4110369.953,1591177.366,4594909.746,812650.030,117716.530,101.910
51-1001,4164439.721,1227449.157,4657322.752,451169.130,209717.920,376.230
69-4223,4012899.062,1599811.431,4676799.167,852625.540,238882.800,114.560
49-2115,4050539.722,1606345.004,4642188.809,846511.400,187701.040,94.430
79-4134,3993672.953,1591207.255,4696062.320,850773.080,267364.770,144.500
59-4309,4044849.737,1606757.327,4646975.117,848758.690,194800.080,96.270
03-1215,4235372.620,1357990.098,4556321.084,551399.050,60629.730,100.960
03-2413,4235891.691,1373733.919,4551144.372,566112.690,52979.100,96.380
41-4325,4191674.329,1246806.105,4627694.794,460575.050,166068.470,260.930
41-4110,4187029.438,1242204.778,4633068.205,457741.150,174041.780,239.450
13-30571,4233218.253,1335861.578,4564837.624,531184.970,73214.140,128.110
41-1405,4181533.766,1237361.271,4639228.691,454955.180,183197.740,200.720
69-2224,4003480.278,1597370.706,4685666.954,853395.120,252024.110,136.390
29-1120,4104737.443,1595766.119,4598325.924,818826.150,122845.390,99.600
03-2066,4236284.161,1380390.729,4548777.208,572277.560,49502.850,94.260
89-1215,3962779.679,1567559.398,4729777.505,838520.080,317367.750,100.610
22-1054,4213914.236,1275423.250,4599685.895,480360.940,124761.470,177.420
109-3325,3943371.483,1539276.759,4755254.339,818127.720,354921.320,253.920
89-4379,3978884.111,1583692.257,4711001.497,848504.320,289572.930,122.540
59-4204,4036797.118,1608100.167,4653465.955,852657.610,204472.630,97.480
79-2056,3982645.342,1586871.837,4706779.249,850280.480,283333.580,122.060
89-2313,3966424.569,1573504.008,4724783.850,842947.910,310021.620,104.010
22-3435,4206504.768,1268861.971,4608282.364,501135.530,96282.830,117.620
89-4100,3974237.093,1581289.883,4715670.429,847753.530,296544.460,102.820
22-3001,4222311.073,1289391.212,4588230.190,490822.720,107809.270,232.210
Nyiregyhaza,3976254.266,1583168.123,4713380.198,848868.991,293138.910,121.637
69-4438,4017590.093,1605604.722,4670811.108,856571.090,230173.980,105.820
99-3277,3956140.900,1562330.841,4737005.577,835749.220,328138.200,96.760
89-4012,3971688.923,1579963.163,4718270.651,847332.120,300396.410,122.720
12-2316,4231030.405,1312960.972,4573448.763,510251.260,86069.560,131.380
79-2436,3987667.149,1592813.474,4700570.507,854255.900,274208.730,131.120
12-4013,4235743.141,1329932.168,4564228.245,524753.960,72468.440,126.160
03-2360,4239564.382,1363445.766,4550823.264,555186.150,52677.110,98.220
22-1017,4219124.928,1278241.427,4594109.618,481320.890,116682.970,140.330
31-4274,4209764.131,1261788.158,4607267.416,468828.040,136056.850,233.450
99-4019,3959043.236,1569603.963,4732204.719,841676.020,321119.590,95.680
03-1055,4239593.089,1350516.198,4554628.305,542953.760,58341.200,100.730
79-4429,3997166.502,1601025.604,4689803.846,858914.250,258338.150,153.950
59-2438,4029474.239,1612147.119,4658378.857,858875.900,211919.440,99.210
31-2301,4201773.848,1248731.216,4617951.528,459092.750,151983.190,173.670
59-2210,4023066.630,1611127.193,4664230.896,860004.160,220582.980,102.400
79-4013,3990775.229,1598502.279,4696064.507,858617.770,267628.720,156.550
69-2406,4004543.918,1605409.700,4682033.816,860648.840,246892.820,136.470
41-3056B,4193306.895,1238891.001,4628323.543,452557.560,167258.430,250.910
22-3016,4226930.170,1290730.959,4583482.141,490576.330,101056.150,126.070
31-1204,4197914.611,1243224.166,4622939.158,455147.490,159366.930,194.020
89-4452,3973805.330,1587544.615,4713950.341,853808.600,294176.850,107.540
79-2053,3978846.199,1591581.887,4708405.465,855976.230,285945.380,132.970
31-4114,4207516.803,1254178.954,4611265.829,462366.250,142153.270,158.800
12-4116,4236533.041,1319538.751,4566472.699,514669.740,75934.960,109.400
99-3052,3950164.833,1562300.349,4742004.038,837675.660,335688.320,124.660
1093011B,3938301.021,1543266.283,4758368.730,823555.150,359596.710,423.220
41-3013,4189295.278,1232654.601,4633622.672,447972.160,175133.800,279.690
69-2017A,4008419.379,1609152.243,4677441.777,862921.660,240189.070,121.930
89-2055,3960384.228,1576538.272,4728803.126,847793.540,316216.490,98.680
89-2068,3965559.408,1582078.183,4722665.701,851337.840,307128.430,107.920
99-4061,3953534.395,1569345.762,4736867.948,843234.830,328172.320,100.010
59-2001,4021014.820,1614110.492,4665006.070,863494.480,221818.090,133.520
21-2234,4218059.754,1265584.711,4598562.078,469703.100,123477.870,141.940
710-3002,3995731.103,1606321.438,4689236.542,864390.630,257679.750,166.210
41-1305,4185883.664,1226165.152,4638313.862,442948.380,182240.160,221.580
89-4215,3967897.975,1588353.767,4718613.202,856506.470,301249.250,102.530
109-3426,3940037.682,1553825.580,4753321.453,832974.050,352434.370,271.160
610-3309,4014108.278,1614942.122,4670605.066,866537.830,230212.490,119.070
79-2406,3981067.046,1599552.644,4703860.193,862786.400,279407.480,136.410
31-4349,4216469.886,1258982.607,4601820.451,463981.100,128375.610,149.880
99-2050,3945622.922,1564760.450,4744941.729,841488.840,340246.940,116.060
89-2405,3961248.855,1584112.522,4725575.530,854672.010,311608.760,104.120
89-4447,3971495.608,1595300.344,4713292.812,861897.340,293474.370,114.950
31-1219,4202302.842,1236544.703,4620800.359,447398.900,156470.010,224.790
31-3001,4212078.435,1247942.379,4609047.089,454983.930,138977.170,331.400
99-4017,3953275.265,1578360.655,4734106.342,851843.320,324315.590,99.900
99-2011,3940354.109,1561575.772,4750338.336,840202.630,348333.640,122.450
710-3128,3987139.031,1607478.849,4696094.391,868294.630,268021.000,160.710
31-4354,4215257.958,1251432.608,4604973.826,457239.070,133166.740,154.120
710-1107,3975099.510,1599688.776,4708833.906,864866.900,286893.330,143.420
31-1014,4207870.986,1240964.457,4614507.299,449756.370,147274.060,167.670
99-2331,3944913.039,1570464.966,4743633.469,847115.470,338483.870,99.460
610-3115,4008108.801,1618312.306,4674567.133,871685.110,236257.810,122.630
41-3104,4192227.300,1223285.880,4633522.748,438157.120,175275.780,328.990
710-3346,3993721.302,1613618.409,4688449.337,871947.690,256791.190,166.760
610-1013,4000102.785,1616841.347,4681915.584,872909.800,247154.670,149.980
41-3001,4201266.316,1230408.184,4623460.990,441937.510,160466.190,296.030
99-4206,3945108.578,1577328.610,4741218.127,853541.010,335062.040,106.210
99-4433,3952001.351,1585928.512,4732647.069,859416.120,322394.700,97.560
810-3113,3963503.372,1598186.062,4718990.004,867241.390,302198.400,107.030
810-1307,3957982.866,1593723.628,4725089.314,864828.700,311241.510,108.370
710-1320,3978904.140,1611017.854,4701836.431,874333.970,276786.080,170.130
40-4011,4194446.383,1215545.629,4633623.555,430114.720,175658.610,381.520
710-3244,3986196.714,1618008.650,4693302.115,878559.650,264255.470,165.100
99-4240,3946788.573,1586818.214,4736671.849,861964.040,328533.190,98.940
810-3313,3967322.082,1608401.515,4712393.821,875650.230,292619.990,139.270
710-3441,3989692.559,1622627.132,4688743.633,881784.540,257627.860,148.820
910-3340,3950016.330,1593818.875,4731660.700,867526.820,321210.980,98.090
810-3214,3960993.539,1606833.564,4718196.646,876239.020,301328.530,129.740
710-1426,3976904.422,1618600.678,4700908.359,882159.060,275726.220,154.160
710-1205,3969470.959,1614471.053,4708557.794,880685.890,287068.890,157.580
710-3001,3983614.485,1625758.320,4692821.524,886732.570,263863.760,166.500
810-1240,3952622.542,1603852.459,4726160.628,876160.440,313261.430,122.460
910-1332,3939199.041,1589898.974,4741917.410,867362.540,336625.760,98.380
910-3014,3942475.296,1594418.434,4737741.636,870562.190,330431.390,126.730
810-3405,3962848.564,1614857.179,4713955.569,883218.380,295237.640,151.420
810-1001,3955632.823,1611863.199,4720991.292,882748.990,305740.900,153.940
710-2124,3969064.701,1622815.374,4706036.882,888709.800,283639.240,149.410
810-1438,3955210.144,1613107.273,4720916.952,884063.860,305685.610,150.960
910-3412,3942973.539,1602562.955,4734585.317,878100.800,325989.550,116.470
710-2342,3975276.708,1628581.493,4698819.135,892131.050,273045.680,130.390
810-1235,3948893.129,1612570.687,4726311.952,885625.670,313862.840,123.710
810-4056,3956446.311,1619364.961,4717761.870,889576.690,301185.080,153.140
910-1002,3934277.636,1602687.835,4741752.858,881066.500,336863.520,138.500
910-3428,3942191.045,1611517.582,4732237.042,886824.180,322790.890,134.640
910-3213,3935832.614,1605061.320,4739643.572,882802.320,333782.940,116.430
810-4076,3960221.508,1629762.453,4711001.964,898175.020,291483.100,114.250
810-2070,3951257.666,1622934.834,4720809.423,894652.790,306000.680,114.380
Vasarosnameny,3945788.568,1619210.118,4726634.365,892920.868,314645.041,125.033
710-2216,3964285.004,1634186.320,4706087.177,901028.610,284265.500,117.740
710-2070,3970412.842,1639124.994,4699245.454,903694.010,274183.680,118.030
910-1401,3928099.935,1604050.931,4746333.109,884380.820,343936.920,103.390
910-4333,3940671.835,1618379.843,4731131.595,893812.170,321450.030,107.910
910-4129,3935685.662,1615333.036,4736283.268,892564.330,329140.390,106.080
810-4236,3951926.023,1630308.973,4717725.129,901407.780,301674.770,111.640
810-2138,3944594.757,1624394.923,4725834.909,898215.640,313688.160,108.710
910-4102,3932171.698,1612013.012,4740302.571,890575.940,335105.370,104.790
810-4422,3957228.680,1638206.986,4710593.282,907140.870,291258.580,116.280
810-2412,3945624.944,1629911.232,4723094.301,903095.080,309789.530,109.470
710-2012,3960864.262,1641724.506,4706336.471,909277.590,285001.920,113.700
810-4208,3949287.270,1636638.038,4717741.530,908257.450,302000.320,110.400
910-4056,3934367.790,1629600.861,4732517.471,906489.180,324076.940,108.450
810-20011,3939065.794,1635574.635,4726647.330,910597.720,315396.590,154.860
811-3346,3953178.765,1647394.642,4710789.932,917156.140,292000.530,117.610
811-3138,3948071.841,1644586.167,4716009.042,916172.290,299762.010,112.570
711-1136,3956391.263,1652753.243,4706251.413,921172.360,285404.860,122.730
811-1017,3941426.152,1645164.224,4721331.371,918895.590,307850.170,115.600
811-3118,3945428.742,1651296.234,4715880.910,923384.320,299901.030,115.420
811-3416,3949094.463,1656966.361,4710859.728,927546.480,292588.140,118.880
811-1016A,3938259.097,1650528.769,4722097.333,925006.900,309282.430,116.160
811-3013,3944361.954,1657657.801,4714552.757,929750.620,298214.620,117.310
811-1012,3933041.865,1654709.088,4724965.464,930670.100,313849.240,118.460
811-3011,3938727.576,1660829.398,4718125.321,934596.080,303790.740,120.100
811-4011,3942445.545,1664572.405,4713729.832,936918.460,297328.320,120.960
